datetime,count
2011-01-20 00:00:00,11.91
2011-01-20 01:00:00,5.23
2011-01-20 02:00:00,3.66
2011-01-20 03:00:00,3.3
2011-01-20 04:00:00,2.96
2011-01-20 05:00:00,5.56
2011-01-20 06:00:00,36.48
2011-01-20 07:00:00,102.55
2011-01-20 08:00:00,215.69
2011-01-20 09:00:00,119.72
2011-01-20 10:00:00,58.99
2011-01-20 11:00:00,57.8
2011-01-20 12:00:00,76.49
2011-01-20 13:00:00,69.08
2011-01-20 14:00:00,74.11
2011-01-20 15:00:00,79.43
2011-01-20 16:00:00,88.21
2011-01-20 17:00:00,192.23
2011-01-20 18:00:00,168.3
2011-01-20 19:00:00,96.79
2011-01-20 20:00:00,73.36
2011-01-20 21:00:00,47.45
2011-01-20 22:00:00,44.05
2011-01-20 23:00:00,21.45
2011-01-21 00:00:00,18.11
2011-01-21 01:00:00,6.48
2011-01-21 02:00:00,5.6
2011-01-21 03:00:00,3.22
2011-01-21 04:00:00,1.86
2011-01-21 05:00:00,4.38
2011-01-21 06:00:00,33.47
2011-01-21 07:00:00,104.37
2011-01-21 08:00:00,190.22
2011-01-21 09:00:00,125.53
2011-01-21 10:00:00,50.8
2011-01-21 11:00:00,58.34
2011-01-21 12:00:00,63.69
2011-01-21 13:00:00,66.23
2011-01-21 14:00:00,62.5
2011-01-21 15:00:00,62.84
2011-01-21 16:00:00,78.26
2011-01-21 17:00:00,142.67
2011-01-21 18:00:00,138.92
2011-01-21 19:00:00,97.48
2011-01-21 20:00:00,65.13
2011-01-21 21:00:00,40.44
2011-01-21 22:00:00,32.56
2011-01-21 23:00:00,20.6
2011-01-22 00:00:00,28.49
2011-01-22 01:00:00,15.86
2011-01-22 02:00:00,12.47
2011-01-22 03:00:00,6.94
2011-01-22 04:00:00,3.02
2011-01-22 06:00:00,5.72
2011-01-22 07:00:00,13.35
2011-01-22 08:00:00,19.53
2011-01-22 09:00:00,25.97
2011-01-22 10:00:00,54.23
2011-01-22 11:00:00,57.48
2011-01-22 12:00:00,72.14
2011-01-22 13:00:00,83.52
2011-01-22 14:00:00,75.53
2011-01-22 15:00:00,78.49
2011-01-22 16:00:00,75.5
2011-01-22 17:00:00,86.29
2011-01-22 18:00:00,58.69
2011-01-22 19:00:00,38.24
2011-01-22 20:00:00,40.33
2011-01-22 21:00:00,38.37
2011-01-22 22:00:00,33.63
2011-01-22 23:00:00,15.43
2011-01-23 00:00:00,31.43
2011-01-23 01:00:00,17.28
2011-01-23 02:00:00,13.66
2011-01-23 03:00:00,11.07
2011-01-23 05:00:00,3.62
2011-01-23 06:00:00,2.02
2011-01-23 07:00:00,13.72
2011-01-23 08:00:00,15.39
2011-01-23 09:00:00,19.76
2011-01-23 10:00:00,54.07
2011-01-23 11:00:00,60.64
2011-01-23 12:00:00,70.36
2011-01-23 13:00:00,68.82
2011-01-23 14:00:00,73.45
2011-01-23 15:00:00,74.25
2011-01-23 16:00:00,76.2
2011-01-23 17:00:00,70.13
2011-01-23 18:00:00,68.59
2011-01-23 19:00:00,44.59
2011-01-23 20:00:00,33.24
2011-01-23 21:00:00,27.15
2011-01-23 22:00:00,18.97
2011-01-23 23:00:00,13.91
2011-01-24 00:00:00,9.56
2011-01-24 01:00:00,4.68
2011-01-24 03:00:00,2.39
2011-01-24 04:00:00,2.52
2011-01-24 05:00:00,4.94
2011-01-24 06:00:00,22.98
2011-01-24 07:00:00,81.04
2011-01-24 08:00:00,154.54
2011-01-24 09:00:00,115.83
2011-01-24 10:00:00,49.56
2011-01-24 11:00:00,41.12
2011-01-24 12:00:00,55.93
2011-01-24 13:00:00,52.13
2011-01-24 14:00:00,48.83
2011-01-24 15:00:00,59.34
2011-01-24 16:00:00,68.99
2011-01-24 17:00:00,140.26
2011-01-24 18:00:00,139.25
2011-01-24 19:00:00,94.97
2011-01-24 20:00:00,69.15
2011-01-24 21:00:00,42.01
2011-01-24 22:00:00,28.41
2011-01-24 23:00:00,18.18
2011-01-25 00:00:00,8.36
2011-01-25 01:00:00,3.8
2011-01-25 02:00:00,1.87
2011-01-25 04:00:00,1.98
2011-01-25 05:00:00,4.07
2011-01-25 06:00:00,33.64
2011-01-25 07:00:00,80.73
2011-01-25 08:00:00,153.24
2011-01-25 09:00:00,117.96
2011-01-25 10:00:00,56.68
2011-01-25 11:00:00,57.56
2011-01-25 12:00:00,67.59
2011-01-25 13:00:00,68.38
2011-01-25 14:00:00,72.63
2011-01-25 15:00:00,73.89
2011-01-25 16:00:00,92.55
2011-01-25 17:00:00,197.73
2011-01-25 18:00:00,189.37
2011-01-25 19:00:00,110.28
2011-01-25 20:00:00,77.99
2011-01-25 21:00:00,45.98
2011-01-25 22:00:00,38.35
2011-01-25 23:00:00,17.3
2011-01-26 00:00:00,9.76
2011-01-26 01:00:00,4.58
2011-01-26 02:00:00,3.01
2011-01-26 05:00:00,3.22
2011-01-26 06:00:00,24.63
2011-01-26 07:00:00,70.48
2011-01-26 08:00:00,151.25
2011-01-26 09:00:00,80.95
2011-01-26 10:00:00,47.31
2011-01-26 11:00:00,40.03
2011-01-26 12:00:00,40.65
2011-01-26 13:00:00,43.64
2011-01-26 14:00:00,40.26
2011-01-26 15:00:00,41.72
2011-01-26 16:00:00,63.78
2011-01-26 17:00:00,107.61
2011-01-27 16:00:00,78.01
2011-01-27 17:00:00,157.23
2011-01-27 18:00:00,137.72
2011-01-27 19:00:00,96.96
2011-01-27 20:00:00,72.18
2011-01-27 21:00:00,46.25
2011-01-27 22:00:00,38.36
2011-01-27 23:00:00,18.61
2011-01-28 00:00:00,14.97
2011-01-28 01:00:00,6.27
2011-01-28 02:00:00,2.37
2011-01-28 03:00:00,2.37
2011-01-28 05:00:00,6.77
2011-01-28 06:00:00,31.43
2011-01-28 07:00:00,79.0
2011-01-28 08:00:00,168.26
2011-01-28 09:00:00,83.94
2011-01-28 10:00:00,42.16
2011-01-28 11:00:00,44.26
2011-01-28 12:00:00,46.62
2011-01-28 13:00:00,49.8
2011-01-28 14:00:00,53.04
2011-01-28 15:00:00,54.18
2011-01-28 16:00:00,74.24
2011-01-28 17:00:00,153.33
2011-01-28 18:00:00,143.86
2011-01-28 19:00:00,100.21
2011-01-28 20:00:00,76.68
2011-01-28 21:00:00,43.52
2011-01-28 22:00:00,42.21
2011-01-28 23:00:00,20.97
2011-01-29 00:00:00,31.44
2011-01-29 01:00:00,19.57
2011-01-29 02:00:00,15.62
2011-01-29 03:00:00,9.38
2011-01-29 04:00:00,3.03
2011-01-29 06:00:00,4.1
2011-01-29 07:00:00,18.3
2011-01-29 08:00:00,30.25
2011-01-29 09:00:00,33.15
2011-01-29 10:00:00,68.0
2011-01-29 11:00:00,66.21
2011-01-29 12:00:00,71.82
2011-01-29 13:00:00,83.44
2011-01-29 14:00:00,80.09
2011-01-29 15:00:00,77.46
2011-01-29 16:00:00,84.89
2011-01-29 17:00:00,79.7
2011-01-29 18:00:00,74.57
2011-01-29 19:00:00,67.48
2011-01-29 20:00:00,56.09
2011-01-29 21:00:00,40.51
2011-01-29 22:00:00,34.81
2011-01-29 23:00:00,16.05
2011-01-30 00:00:00,31.79
2011-01-30 01:00:00,22.94
2011-01-30 02:00:00,18.86
2011-01-30 03:00:00,11.61
2011-01-30 04:00:00,5.28
2011-01-30 05:00:00,3.77
2011-01-30 07:00:00,10.5
2011-01-30 08:00:00,18.95
2011-01-30 09:00:00,27.05
2011-01-30 10:00:00,63.65
2011-01-30 11:00:00,70.35
2011-01-30 12:00:00,101.79
2011-01-30 13:00:00,90.46
2011-01-30 14:00:00,91.97
2011-01-30 15:00:00,104.34
2011-01-30 16:00:00,102.55
2011-01-30 17:00:00,76.68
2011-01-30 18:00:00,71.85
2011-01-30 19:00:00,61.12
2011-01-30 20:00:00,54.49
2011-01-30 21:00:00,30.87
2011-01-30 22:00:00,23.68
2011-01-30 23:00:00,14.23
2011-01-31 00:00:00,12.23
2011-01-31 01:00:00,3.5
2011-01-31 02:00:00,2.26
2011-01-31 03:00:00,2.64
2011-01-31 04:00:00,2.45
2011-01-31 05:00:00,2.39
2011-01-31 06:00:00,33.55
2011-01-31 07:00:00,77.96
2011-01-31 08:00:00,137.92
2011-01-31 09:00:00,86.71
2011-01-31 10:00:00,44.98
2011-01-31 11:00:00,42.98
2011-01-31 12:00:00,57.54
2011-01-31 13:00:00,59.5
2011-01-31 14:00:00,54.94
2011-01-31 15:00:00,52.83
2011-01-31 16:00:00,72.2
2011-01-31 17:00:00,140.92
2011-01-31 18:00:00,134.53
2011-01-31 19:00:00,118.74
2011-01-31 20:00:00,69.64
2011-01-31 21:00:00,44.14
2011-01-31 22:00:00,30.32
2011-01-31 23:00:00,18.03
2011-02-20 00:00:00,36.48
2011-02-20 01:00:00,19.48
2011-02-20 02:00:00,14.51
2011-02-20 03:00:00,10.03
2011-02-20 04:00:00,2.81
2011-02-20 06:00:00,3.96
2011-02-20 07:00:00,13.94
2011-02-20 08:00:00,24.74
2011-02-20 09:00:00,42.91
2011-02-20 10:00:00,92.11
2011-02-20 11:00:00,108.83
2011-02-20 12:00:00,128.37
2011-02-20 13:00:00,156.28
2011-02-20 14:00:00,142.72
2011-02-20 15:00:00,150.64
2011-02-20 16:00:00,152.96
2011-02-20 17:00:00,100.76
2011-02-20 18:00:00,92.97
2011-02-20 19:00:00,88.28
2011-02-20 20:00:00,71.24
2011-02-20 21:00:00,52.31
2011-02-20 22:00:00,50.56
2011-02-20 23:00:00,37.78
2011-02-21 00:00:00,19.82
2011-02-21 01:00:00,12.77
2011-02-21 02:00:00,9.38
2011-02-21 03:00:00,4.39
2011-02-21 04:00:00,4.27
2011-02-21 05:00:00,8.19
2011-02-21 06:00:00,22.26
2011-02-21 07:00:00,85.43
2011-02-21 08:00:00,128.9
2011-02-21 09:00:00,93.56
2011-02-21 10:00:00,84.67
2011-02-21 11:00:00,89.35
2011-02-21 12:00:00,90.36
2011-02-21 13:00:00,56.31
2011-02-21 14:00:00,90.96
2011-02-21 15:00:00,93.97
2011-02-21 16:00:00,69.21
2011-02-21 17:00:00,93.51
2011-02-21 18:00:00,87.86
2011-02-21 19:00:00,70.57
2011-02-21 20:00:00,46.29
2011-02-21 21:00:00,48.69
2011-02-21 22:00:00,34.6
2011-02-21 23:00:00,19.21
2011-02-22 06:00:00,33.69
2011-02-22 07:00:00,84.73
2011-02-22 08:00:00,190.09
2011-02-22 09:00:00,107.69
2011-02-22 10:00:00,50.6
2011-02-22 11:00:00,54.71
2011-02-22 12:00:00,59.95
2011-02-22 13:00:00,67.26
2011-02-22 14:00:00,67.78
2011-02-22 15:00:00,73.93
2011-02-22 16:00:00,75.26
2011-02-22 17:00:00,158.15
2011-02-22 18:00:00,158.85
2011-02-22 19:00:00,99.7
2011-02-22 20:00:00,79.79
2011-02-22 21:00:00,57.68
2011-02-22 22:00:00,39.51
2011-02-22 23:00:00,23.07
2011-02-23 00:00:00,9.86
2011-02-23 01:00:00,5.49
2011-02-23 02:00:00,2.14
2011-02-23 03:00:00,1.56
2011-02-23 05:00:00,5.21
2011-02-23 06:00:00,30.31
2011-02-23 07:00:00,84.12
2011-02-23 08:00:00,193.28
2011-02-23 09:00:00,122.63
2011-02-23 10:00:00,59.92
2011-02-23 11:00:00,61.74
2011-02-23 12:00:00,72.39
2011-02-23 13:00:00,72.84
2011-02-23 14:00:00,79.59
2011-02-23 15:00:00,76.83
2011-02-23 16:00:00,102.53
2011-02-23 17:00:00,212.93
2011-02-23 18:00:00,201.4
2011-02-23 19:00:00,133.56
2011-02-23 20:00:00,82.68
2011-02-23 21:00:00,63.75
2011-02-23 22:00:00,50.22
2011-02-23 23:00:00,30.28
2011-02-24 00:00:00,12.08
2011-02-24 01:00:00,5.32
2011-02-24 02:00:00,1.96
2011-02-24 03:00:00,2.09
2011-02-24 05:00:00,6.42
2011-02-24 06:00:00,34.68
2011-02-24 07:00:00,98.98
2011-02-24 08:00:00,242.7
2011-02-24 09:00:00,121.91
2011-02-24 10:00:00,60.77
2011-02-24 11:00:00,78.96
2011-02-24 12:00:00,90.24
2011-02-24 13:00:00,89.8
2011-02-24 14:00:00,88.17
2011-02-24 15:00:00,52.02
2011-02-24 16:00:00,57.94
2011-02-24 17:00:00,160.81
2011-02-24 18:00:00,171.92
2011-02-24 19:00:00,91.77
2011-02-24 20:00:00,88.55
2011-02-24 21:00:00,66.65
2011-02-24 22:00:00,45.48
2011-02-24 23:00:00,40.26
2011-02-25 00:00:00,23.99
2011-02-25 01:00:00,10.18
2011-02-25 02:00:00,8.34
2011-02-25 03:00:00,1.75
2011-02-25 05:00:00,8.72
2011-02-25 06:00:00,31.07
2011-02-25 07:00:00,79.44
2011-02-25 08:00:00,178.2
2011-02-25 09:00:00,79.86
2011-02-25 10:00:00,45.81
2011-02-25 11:00:00,122.22
2011-02-25 12:00:00,168.03
2011-02-25 13:00:00,176.46
2011-02-25 14:00:00,173.0
2011-02-25 15:00:00,178.0
2011-02-25 16:00:00,109.19
2011-02-25 17:00:00,189.72
2011-02-25 18:00:00,175.43
2011-02-25 19:00:00,108.53
2011-02-25 20:00:00,71.02
2011-02-25 21:00:00,49.27
2011-02-25 22:00:00,45.07
2011-02-25 23:00:00,27.58
2011-02-26 00:00:00,32.48
2011-02-26 01:00:00,19.15
2011-02-26 02:00:00,13.8
2011-02-26 03:00:00,10.49
2011-02-26 04:00:00,3.45
2011-02-26 05:00:00,3.84
2011-02-26 06:00:00,4.56
2011-02-26 07:00:00,15.0
2011-02-26 08:00:00,31.54
2011-02-26 09:00:00,49.92
2011-02-26 10:00:00,100.08
2011-02-26 11:00:00,125.0
2011-02-26 12:00:00,128.37
2011-02-26 13:00:00,137.52
2011-02-26 14:00:00,132.09
2011-02-26 15:00:00,139.54
2011-02-26 16:00:00,141.91
2011-02-26 17:00:00,112.42
2011-02-26 18:00:00,94.06
2011-02-26 19:00:00,80.0
2011-02-26 20:00:00,63.9
2011-02-26 21:00:00,47.44
2011-02-26 22:00:00,46.16
2011-02-26 23:00:00,41.46
2011-02-27 00:00:00,35.67
2011-02-27 01:00:00,28.47
2011-02-27 02:00:00,23.07
2011-02-27 03:00:00,12.28
2011-02-27 04:00:00,5.3
2011-02-27 06:00:00,3.78
2011-02-27 07:00:00,11.03
2011-02-27 08:00:00,29.83
2011-02-27 09:00:00,44.55
2011-02-27 10:00:00,86.39
2011-02-27 11:00:00,127.14
2011-02-27 12:00:00,153.65
2011-02-27 13:00:00,162.02
2011-02-27 14:00:00,191.45
2011-02-27 15:00:00,212.21
2011-02-27 16:00:00,228.65
2011-02-27 17:00:00,117.45
2011-02-27 18:00:00,98.81
2011-02-27 19:00:00,95.12
2011-02-27 20:00:00,72.38
2011-02-27 21:00:00,69.97
2011-02-27 22:00:00,64.98
2011-02-27 23:00:00,40.4
2011-02-28 00:00:00,16.4
2011-02-28 01:00:00,5.24
2011-02-28 03:00:00,2.22
2011-02-28 05:00:00,8.72
2011-02-28 06:00:00,39.65
2011-02-28 07:00:00,116.54
2011-02-28 08:00:00,225.69
2011-02-28 09:00:00,131.87
2011-02-28 10:00:00,97.53
2011-02-28 11:00:00,107.91
2011-02-28 12:00:00,120.11
2011-02-28 13:00:00,98.06
2011-02-28 14:00:00,56.43
2011-02-28 15:00:00,57.26
2011-02-28 16:00:00,75.3
2011-02-28 17:00:00,148.52
2011-02-28 18:00:00,120.65
2011-02-28 19:00:00,90.53
2011-02-28 20:00:00,89.45
2011-02-28 21:00:00,74.26
2011-02-28 22:00:00,45.45
2011-02-28 23:00:00,28.89
2011-03-20 00:00:00,41.35
2011-03-20 01:00:00,31.91
2011-03-20 02:00:00,23.47
2011-03-20 03:00:00,12.1
2011-03-20 04:00:00,3.19
2011-03-20 05:00:00,2.73
2011-03-20 06:00:00,5.39
2011-03-20 07:00:00,23.11
2011-03-20 08:00:00,40.18
2011-03-20 09:00:00,59.54
2011-03-20 10:00:00,125.11
2011-03-20 11:00:00,148.19
2011-03-20 12:00:00,157.69
2011-03-20 13:00:00,161.03
2011-03-20 14:00:00,159.01
2011-03-20 15:00:00,161.25
2011-03-20 16:00:00,163.38
2011-03-20 17:00:00,149.62
2011-03-20 18:00:00,139.58
2011-03-20 19:00:00,101.52
2011-03-20 20:00:00,80.19
2011-03-20 21:00:00,56.43
2011-03-20 22:00:00,57.93
2011-03-20 23:00:00,40.22
2011-03-21 00:00:00,11.18
2011-03-21 01:00:00,5.7
2011-03-21 02:00:00,4.89
2011-03-21 03:00:00,2.9
2011-03-21 05:00:00,7.07
2011-03-21 06:00:00,40.41
2011-03-21 07:00:00,80.48
2011-03-21 08:00:00,224.08
2011-03-21 09:00:00,133.16
2011-03-21 10:00:00,74.8
2011-03-21 11:00:00,88.48
2011-03-21 12:00:00,124.32
2011-03-21 13:00:00,137.98
2011-03-21 14:00:00,140.57
2011-03-21 15:00:00,147.51
2011-03-21 16:00:00,168.55
2011-03-21 17:00:00,313.47
2011-03-21 18:00:00,299.28
2011-03-21 19:00:00,247.7
2011-03-21 20:00:00,181.75
2011-03-21 21:00:00,107.81
2011-03-21 22:00:00,96.21
2011-03-21 23:00:00,69.46
2011-03-22 00:00:00,43.77
2011-03-22 01:00:00,7.56
2011-03-22 02:00:00,6.9
2011-03-22 03:00:00,4.76
2011-03-22 04:00:00,4.29
2011-03-22 05:00:00,13.52
2011-03-22 06:00:00,46.2
2011-03-22 07:00:00,138.25
2011-03-22 08:00:00,256.36
2011-03-22 09:00:00,137.61
2011-03-22 10:00:00,107.43
2011-03-22 11:00:00,114.91
2011-03-22 12:00:00,131.09
2011-03-22 13:00:00,127.37
2011-03-22 14:00:00,127.27
2011-03-22 15:00:00,133.65
2011-03-22 16:00:00,177.96
2011-03-22 17:00:00,331.5
2011-03-22 18:00:00,298.4
2011-03-22 19:00:00,194.76
2011-03-22 20:00:00,140.73
2011-03-22 21:00:00,92.41
2011-03-22 22:00:00,77.0
2011-03-22 23:00:00,37.27
2011-03-23 00:00:00,15.88
2011-03-23 01:00:00,6.28
2011-03-23 02:00:00,4.86
2011-03-23 03:00:00,3.06
2011-03-23 05:00:00,8.31
2011-03-23 06:00:00,43.58
2011-03-23 07:00:00,120.0
2011-03-23 08:00:00,238.39
2011-03-23 09:00:00,139.57
2011-03-23 10:00:00,65.44
2011-03-23 11:00:00,67.27
2011-03-23 12:00:00,68.71
2011-03-23 13:00:00,75.08
2011-03-23 14:00:00,83.82
2011-03-23 15:00:00,87.26
2011-03-23 16:00:00,129.73
2011-03-23 17:00:00,236.78
2011-03-23 18:00:00,161.7
2011-03-23 19:00:00,112.9
2011-03-23 20:00:00,70.3
2011-03-23 21:00:00,55.64
2011-03-23 22:00:00,52.06
2011-03-23 23:00:00,36.75
2011-03-24 00:00:00,14.58
2011-03-24 01:00:00,5.16
2011-03-24 02:00:00,4.55
2011-03-24 03:00:00,2.7
2011-03-24 04:00:00,2.14
2011-03-24 05:00:00,7.27
2011-03-24 06:00:00,41.46
2011-03-24 07:00:00,78.51
2011-03-24 08:00:00,128.86
2011-03-24 09:00:00,141.06
2011-03-24 10:00:00,72.77
2011-03-24 11:00:00,72.4
2011-03-24 12:00:00,78.46
2011-03-24 13:00:00,88.85
2011-03-24 14:00:00,84.42
2011-03-24 15:00:00,84.92
2011-03-24 16:00:00,101.86
2011-03-24 17:00:00,216.6
2011-03-24 18:00:00,195.41
2011-03-24 19:00:00,113.16
2011-03-24 20:00:00,82.74
2011-03-24 21:00:00,65.53
2011-03-24 22:00:00,57.28
2011-03-24 23:00:00,32.11
2011-03-25 00:00:00,18.54
2011-03-25 01:00:00,5.36
2011-03-25 02:00:00,3.99
2011-03-25 03:00:00,2.56
2011-03-25 04:00:00,1.7
2011-03-25 05:00:00,9.28
2011-03-25 06:00:00,38.99
2011-03-25 07:00:00,116.4
2011-03-25 08:00:00,238.65
2011-03-25 09:00:00,131.35
2011-03-25 10:00:00,80.15
2011-03-25 11:00:00,85.71
2011-03-25 12:00:00,102.02
2011-03-25 13:00:00,99.38
2011-03-25 14:00:00,105.94
2011-03-25 15:00:00,99.37
2011-03-25 16:00:00,118.65
2011-03-25 17:00:00,216.74
2011-03-25 18:00:00,209.96
2011-03-25 19:00:00,123.45
2011-03-25 20:00:00,86.11
2011-03-25 21:00:00,67.53
2011-03-25 22:00:00,51.48
2011-03-25 23:00:00,32.94
2011-03-26 00:00:00,35.11
2011-03-26 01:00:00,22.22
2011-03-26 02:00:00,18.14
2011-03-26 03:00:00,12.04
2011-03-26 04:00:00,4.23
2011-03-26 05:00:00,3.63
2011-03-26 06:00:00,15.03
2011-03-26 07:00:00,30.29
2011-03-26 08:00:00,59.68
2011-03-26 09:00:00,84.38
2011-03-26 10:00:00,120.65
2011-03-26 11:00:00,129.14
2011-03-26 12:00:00,144.51
2011-03-26 13:00:00,159.21
2011-03-26 14:00:00,168.8
2011-03-26 15:00:00,171.53
2011-03-26 16:00:00,165.58
2011-03-26 17:00:00,159.53
2011-03-26 18:00:00,153.78
2011-03-26 19:00:00,90.62
2011-03-26 20:00:00,68.62
2011-03-26 21:00:00,59.19
2011-03-26 22:00:00,54.48
2011-03-26 23:00:00,33.38
2011-03-27 00:00:00,39.01
2011-03-27 01:00:00,22.85
2011-03-27 02:00:00,20.09
2011-03-27 03:00:00,13.51
2011-03-27 04:00:00,5.08
2011-03-27 06:00:00,9.57
2011-03-27 07:00:00,62.45
2011-03-27 08:00:00,61.06
2011-03-27 09:00:00,80.9
2011-03-27 10:00:00,106.87
2011-03-27 11:00:00,119.91
2011-03-27 12:00:00,132.15
2011-03-27 13:00:00,147.65
2011-03-27 14:00:00,160.02
2011-03-27 15:00:00,159.06
2011-03-27 16:00:00,172.6
2011-03-27 17:00:00,146.9
2011-03-27 18:00:00,125.43
2011-03-27 19:00:00,97.47
2011-03-27 20:00:00,65.34
2011-03-27 21:00:00,46.23
2011-03-27 22:00:00,46.16
2011-03-27 23:00:00,34.04
2011-03-28 00:00:00,11.66
2011-03-28 01:00:00,5.0
2011-03-28 02:00:00,2.94
2011-03-28 03:00:00,2.03
2011-03-28 05:00:00,7.22
2011-03-28 06:00:00,36.72
2011-03-28 07:00:00,117.93
2011-03-28 08:00:00,218.03
2011-03-28 09:00:00,131.19
2011-03-28 10:00:00,73.78
2011-03-28 11:00:00,76.34
2011-03-28 12:00:00,85.32
2011-03-28 13:00:00,88.29
2011-03-28 14:00:00,89.81
2011-03-28 15:00:00,90.54
2011-03-28 16:00:00,122.44
2011-03-28 17:00:00,241.1
2011-03-28 18:00:00,224.46
2011-03-28 19:00:00,135.64
2011-03-28 20:00:00,105.42
2011-03-28 21:00:00,73.47
2011-03-28 22:00:00,58.97
2011-03-28 23:00:00,30.82
2011-03-29 00:00:00,12.99
2011-03-29 01:00:00,3.64
2011-03-29 02:00:00,6.9
2011-03-29 03:00:00,2.13
2011-03-29 04:00:00,1.57
2011-03-29 05:00:00,6.02
2011-03-29 06:00:00,39.35
2011-03-29 07:00:00,119.8
2011-03-29 08:00:00,236.1
2011-03-29 09:00:00,142.03
2011-03-29 10:00:00,79.35
2011-03-29 11:00:00,84.29
2011-03-29 12:00:00,95.98
2011-03-29 13:00:00,90.22
2011-03-29 14:00:00,96.56
2011-03-29 15:00:00,107.14
2011-03-29 16:00:00,129.09
2011-03-29 17:00:00,256.82
2011-03-29 18:00:00,247.49
2011-03-29 19:00:00,152.64
2011-03-29 20:00:00,112.52
2011-03-29 21:00:00,80.57
2011-03-29 22:00:00,67.56
2011-03-29 23:00:00,32.47
2011-03-30 00:00:00,16.32
2011-03-30 01:00:00,8.9
2011-03-30 02:00:00,5.27
2011-03-30 03:00:00,3.47
2011-03-30 04:00:00,3.54
2011-03-30 05:00:00,10.06
2011-03-30 06:00:00,46.03
2011-03-30 07:00:00,131.26
2011-03-30 08:00:00,256.75
2011-03-30 09:00:00,146.83
2011-03-30 10:00:00,79.62
2011-03-30 11:00:00,82.3
2011-03-30 12:00:00,96.69
2011-03-30 13:00:00,95.33
2011-03-30 14:00:00,90.12
2011-03-30 15:00:00,50.64
2011-03-30 16:00:00,63.35
2011-03-30 17:00:00,158.18
2011-03-30 18:00:00,173.18
2011-03-30 19:00:00,105.74
2011-03-30 20:00:00,72.41
2011-03-30 21:00:00,66.18
2011-03-30 22:00:00,46.0
2011-03-30 23:00:00,29.92
2011-03-31 00:00:00,8.77
2011-03-31 01:00:00,4.13
2011-03-31 02:00:00,3.99
2011-03-31 03:00:00,2.77
2011-03-31 04:00:00,2.48
2011-03-31 05:00:00,5.96
2011-03-31 06:00:00,30.13
2011-03-31 07:00:00,90.01
2011-03-31 08:00:00,208.31
2011-03-31 09:00:00,82.35
2011-03-31 10:00:00,57.16
2011-03-31 11:00:00,67.03
2011-03-31 12:00:00,70.97
2011-03-31 13:00:00,76.31
2011-03-31 14:00:00,73.67
2011-03-31 15:00:00,44.4
2011-03-31 16:00:00,93.29
2011-03-31 17:00:00,214.64
2011-03-31 18:00:00,204.26
2011-03-31 19:00:00,124.27
2011-03-31 20:00:00,71.82
2011-03-31 21:00:00,64.07
2011-03-31 22:00:00,45.14
2011-03-31 23:00:00,39.38
2011-04-20 00:00:00,44.6
2011-04-20 01:00:00,7.1
2011-04-20 02:00:00,7.26
2011-04-20 03:00:00,4.4
2011-04-20 04:00:00,4.04
2011-04-20 05:00:00,13.15
2011-04-20 06:00:00,47.76
2011-04-20 07:00:00,196.65
2011-04-20 08:00:00,367.96
2011-04-20 09:00:00,174.99
2011-04-20 10:00:00,119.89
2011-04-20 11:00:00,138.79
2011-04-20 12:00:00,149.6
2011-04-20 13:00:00,151.38
2011-04-20 14:00:00,141.24
2011-04-20 15:00:00,142.11
2011-04-20 16:00:00,208.99
2011-04-20 17:00:00,365.41
2011-04-20 18:00:00,362.13
2011-04-20 19:00:00,302.21
2011-04-20 20:00:00,188.71
2011-04-20 21:00:00,152.83
2011-04-20 22:00:00,118.28
2011-04-20 23:00:00,89.29
2011-04-21 00:00:00,33.26
2011-04-21 01:00:00,15.4
2011-04-21 02:00:00,12.99
2011-04-21 03:00:00,4.75
2011-04-21 04:00:00,5.02
2011-04-21 05:00:00,8.25
2011-04-21 06:00:00,49.85
2011-04-21 07:00:00,150.86
2011-04-21 08:00:00,252.17
2011-04-21 09:00:00,149.22
2011-04-21 10:00:00,128.25
2011-04-21 11:00:00,124.45
2011-04-21 12:00:00,134.58
2011-04-21 13:00:00,136.39
2011-04-21 14:00:00,131.25
2011-04-21 15:00:00,139.15
2011-04-21 16:00:00,177.24
2011-04-21 17:00:00,325.13
2011-04-21 18:00:00,305.08
2011-04-21 19:00:00,213.85
2011-04-21 20:00:00,186.21
2011-04-21 21:00:00,106.55
2011-04-21 22:00:00,87.94
2011-04-21 23:00:00,45.15
2011-04-22 00:00:00,32.02
2011-04-22 01:00:00,16.54
2011-04-22 02:00:00,10.05
2011-04-22 03:00:00,4.54
2011-04-22 04:00:00,4.28
2011-04-22 05:00:00,8.77
2011-04-22 06:00:00,53.19
2011-04-22 07:00:00,137.18
2011-04-22 08:00:00,237.78
2011-04-22 09:00:00,123.31
2011-04-22 10:00:00,104.53
2011-04-22 11:00:00,109.63
2011-04-22 12:00:00,110.21
2011-04-22 13:00:00,84.02
2011-04-22 14:00:00,33.53
2011-04-22 15:00:00,78.8
2011-04-22 16:00:00,111.71
2011-04-22 17:00:00,163.51
2011-04-22 18:00:00,152.23
2011-04-22 19:00:00,99.36
2011-04-22 20:00:00,86.53
2011-04-22 21:00:00,63.28
2011-04-22 22:00:00,47.02
2011-04-22 23:00:00,46.98
2011-04-23 00:00:00,35.19
2011-04-23 01:00:00,23.23
2011-04-23 02:00:00,24.8
2011-04-23 03:00:00,14.98
2011-04-23 04:00:00,7.01
2011-04-23 05:00:00,5.82
2011-04-23 06:00:00,15.97
2011-04-23 07:00:00,78.84
2011-04-23 08:00:00,54.6
2011-04-23 09:00:00,77.93
2011-04-23 10:00:00,150.16
2011-04-23 11:00:00,133.74
2011-04-23 12:00:00,169.86
2011-04-23 13:00:00,166.47
2011-04-23 14:00:00,220.62
2011-04-23 15:00:00,233.74
2011-04-23 16:00:00,226.39
2011-04-23 17:00:00,269.02
2011-04-23 18:00:00,259.46
2011-04-23 19:00:00,163.98
2011-04-23 20:00:00,114.01
2011-04-23 21:00:00,114.8
2011-04-23 22:00:00,106.49
2011-04-23 23:00:00,79.89
2011-04-24 00:00:00,59.39
2011-04-24 01:00:00,41.5
2011-04-24 02:00:00,36.18
2011-04-24 03:00:00,27.23
2011-04-24 04:00:00,10.79
2011-04-24 05:00:00,10.7
2011-04-24 06:00:00,14.64
2011-04-24 07:00:00,129.08
2011-04-24 08:00:00,155.1
2011-04-24 09:00:00,176.33
2011-04-24 10:00:00,248.68
2011-04-24 11:00:00,344.24
2011-04-24 12:00:00,355.44
2011-04-24 13:00:00,336.69
2011-04-24 14:00:00,352.79
2011-04-24 15:00:00,361.91
2011-04-24 16:00:00,357.04
2011-04-24 17:00:00,324.369
2011-04-24 18:00:00,321.63
2011-04-24 19:00:00,162.22
2011-04-24 20:00:00,122.8
2011-04-24 21:00:00,78.84
2011-04-24 22:00:00,63.91
2011-04-24 23:00:00,61.71
2011-04-25 00:00:00,28.04
2011-04-25 01:00:00,12.99
2011-04-25 02:00:00,6.9
2011-04-25 03:00:00,4.64
2011-04-25 04:00:00,4.65
2011-04-25 05:00:00,14.54
2011-04-25 06:00:00,46.58
2011-04-25 07:00:00,199.07
2011-04-25 08:00:00,301.12
2011-04-25 09:00:00,175.53
2011-04-25 10:00:00,124.6
2011-04-25 11:00:00,140.76
2011-04-25 12:00:00,149.1
2011-04-25 13:00:00,153.71
2011-04-25 14:00:00,152.25
2011-04-25 15:00:00,156.02
2011-04-25 16:00:00,210.94
2011-04-25 17:00:00,379.21
2011-04-25 18:00:00,378.13
2011-04-25 19:00:00,288.15
2011-04-25 20:00:00,184.94
2011-04-25 21:00:00,156.92
2011-04-25 22:00:00,105.29
2011-04-25 23:00:00,57.23
2011-04-26 00:00:00,29.77
2011-04-26 01:00:00,15.29
2011-04-26 02:00:00,6.21
2011-04-26 03:00:00,3.28
2011-04-26 04:00:00,4.84
2011-04-26 05:00:00,10.14
2011-04-26 06:00:00,50.94
2011-04-26 07:00:00,215.79
2011-04-26 08:00:00,290.67
2011-04-26 09:00:00,180.85
2011-04-26 10:00:00,114.78
2011-04-26 11:00:00,129.29
2011-04-26 12:00:00,143.97
2011-04-26 13:00:00,149.78
2011-04-26 14:00:00,138.95
2011-04-26 15:00:00,139.25
2011-04-26 16:00:00,211.19
2011-04-26 17:00:00,388.21
2011-04-26 18:00:00,381.24
2011-04-26 19:00:00,271.43
2011-04-26 20:00:00,172.28
2011-04-26 21:00:00,143.67
2011-04-26 22:00:00,110.49
2011-04-26 23:00:00,60.56
2011-04-27 00:00:00,32.53
2011-04-27 01:00:00,14.6
2011-04-27 02:00:00,7.28
2011-04-27 03:00:00,3.33
2011-04-27 04:00:00,4.33
2011-04-27 05:00:00,9.44
2011-04-27 06:00:00,50.9
2011-04-27 07:00:00,211.68
2011-04-27 08:00:00,285.59
2011-04-27 09:00:00,147.93
2011-04-27 10:00:00,105.83
2011-04-27 11:00:00,109.67
2011-04-27 12:00:00,127.68
2011-04-27 13:00:00,113.73
2011-04-27 14:00:00,130.77
2011-04-27 15:00:00,134.5
2011-04-27 16:00:00,203.39
2011-04-27 17:00:00,281.03
2011-04-27 18:00:00,279.02
2011-04-27 19:00:00,244.88
2011-04-27 20:00:00,141.85
2011-04-27 21:00:00,115.52
2011-04-27 22:00:00,97.52
2011-04-27 23:00:00,63.4
2011-04-28 00:00:00,35.83
2011-04-28 01:00:00,14.85
2011-04-28 02:00:00,9.51
2011-04-28 03:00:00,5.29
2011-04-28 04:00:00,5.23
2011-04-28 05:00:00,10.08
2011-04-28 06:00:00,55.86
2011-04-28 07:00:00,212.16
2011-04-28 08:00:00,364.91
2011-04-28 09:00:00,151.6
2011-04-28 10:00:00,106.68
2011-04-28 11:00:00,112.33
2011-04-28 12:00:00,128.06
2011-04-28 13:00:00,109.72
2011-04-28 14:00:00,106.16
2011-04-28 15:00:00,141.75
2011-04-28 16:00:00,180.52
2011-04-28 17:00:00,365.56
2011-04-28 18:00:00,359.5
2011-04-28 19:00:00,281.46
2011-04-28 20:00:00,176.92
2011-04-28 21:00:00,137.02
2011-04-28 22:00:00,103.48
2011-04-28 23:00:00,72.02
2011-04-29 00:00:00,46.91
2011-04-29 01:00:00,21.0
2011-04-29 02:00:00,13.43
2011-04-29 03:00:00,6.32
2011-04-29 04:00:00,5.42
2011-04-29 05:00:00,12.98
2011-04-29 06:00:00,56.29
2011-04-29 07:00:00,222.08
2011-04-29 08:00:00,304.9
2011-04-29 09:00:00,183.49
2011-04-29 10:00:00,146.33
2011-04-29 11:00:00,165.73
2011-04-29 12:00:00,179.62
2011-04-29 13:00:00,185.31
2011-04-29 14:00:00,212.5
2011-04-29 15:00:00,178.14
2011-04-29 16:00:00,207.58
2011-04-29 17:00:00,322.55
2011-04-29 18:00:00,324.29
2011-04-29 19:00:00,210.55
2011-04-29 20:00:00,146.45
2011-04-29 21:00:00,109.26
2011-04-29 22:00:00,93.94
2011-04-29 23:00:00,51.11
2011-04-30 00:00:00,46.1
2011-04-30 01:00:00,34.69
2011-04-30 02:00:00,31.73
2011-04-30 03:00:00,22.11
2011-04-30 04:00:00,6.0
2011-04-30 05:00:00,5.04
2011-04-30 06:00:00,27.88
2011-04-30 07:00:00,43.47
2011-04-30 08:00:00,67.76
2011-04-30 09:00:00,167.42
2011-04-30 10:00:00,217.27
2011-04-30 11:00:00,239.33
2011-04-30 12:00:00,261.44
2011-04-30 13:00:00,269.67
2011-04-30 14:00:00,261.39
2011-04-30 15:00:00,270.86
2011-04-30 16:00:00,268.0
2011-04-30 17:00:00,304.0
2011-04-30 18:00:00,295.2
2011-04-30 19:00:00,254.74
2011-04-30 20:00:00,164.37
2011-04-30 21:00:00,115.77
2011-04-30 22:00:00,91.98
2011-04-30 23:00:00,54.52
2011-05-20 00:00:00,34.94
2011-05-20 01:00:00,31.35
2011-05-20 02:00:00,12.28
2011-05-20 03:00:00,6.24
2011-05-20 04:00:00,6.62
2011-05-20 05:00:00,20.91
2011-05-20 06:00:00,84.92
2011-05-20 07:00:00,267.08
2011-05-20 08:00:00,457.23
2011-05-20 09:00:00,203.75
2011-05-20 10:00:00,150.42
2011-05-20 11:00:00,162.83
2011-05-20 12:00:00,242.53
2011-05-20 13:00:00,236.08
2011-05-20 14:00:00,236.0
2011-05-20 15:00:00,245.67
2011-05-20 16:00:00,359.06
2011-05-20 17:00:00,449.33366666666666
2011-05-20 18:00:00,485.87
2011-05-20 19:00:00,335.37
2011-05-20 20:00:00,220.87
2011-05-20 21:00:00,183.97
2011-05-20 22:00:00,138.13
2011-05-20 23:00:00,118.05
2011-05-21 00:00:00,100.93
2011-05-21 01:00:00,70.87
2011-05-21 02:00:00,59.12
2011-05-21 03:00:00,25.83
2011-05-21 04:00:00,8.75
2011-05-21 05:00:00,10.01
2011-05-21 06:00:00,26.52
2011-05-21 07:00:00,50.41
2011-05-21 08:00:00,124.81
2011-05-21 09:00:00,199.71
2011-05-21 10:00:00,304.21
2011-05-21 11:00:00,375.03
2011-05-21 12:00:00,392.94
2011-05-21 13:00:00,393.09
2011-05-21 14:00:00,389.29
2011-05-21 15:00:00,403.19
2011-05-21 16:00:00,399.44
2011-05-21 17:00:00,372.8708333333333
2011-05-21 18:00:00,374.935
2011-05-21 19:00:00,323.795
2011-05-21 20:00:00,250.88
2011-05-21 21:00:00,177.35
2011-05-21 22:00:00,142.83
2011-05-21 23:00:00,115.14
2011-05-22 00:00:00,111.23
2011-05-22 01:00:00,64.42
2011-05-22 02:00:00,55.66
2011-05-22 03:00:00,29.08
2011-05-22 04:00:00,12.86
2011-05-22 05:00:00,13.48
2011-05-22 06:00:00,13.14
2011-05-22 07:00:00,45.22
2011-05-22 08:00:00,96.77
2011-05-22 09:00:00,174.42
2011-05-22 10:00:00,280.58
2011-05-22 11:00:00,370.17
2011-05-22 12:00:00,388.93
2011-05-22 13:00:00,383.18
2011-05-22 14:00:00,306.89
2011-05-22 15:00:00,384.71
2011-05-22 16:00:00,392.6
2011-05-22 17:00:00,357.93816666666663
2011-05-22 18:00:00,345.2166666666667
2011-05-22 19:00:00,315.605
2011-05-22 20:00:00,251.28
2011-05-22 21:00:00,180.1
2011-05-22 22:00:00,132.31
2011-05-22 23:00:00,83.78
2011-05-23 00:00:00,31.19
2011-05-23 01:00:00,13.07
2011-05-23 02:00:00,6.69
2011-05-23 03:00:00,3.31
2011-05-23 04:00:00,5.27
2011-05-23 05:00:00,17.49
2011-05-23 06:00:00,97.79
2011-05-23 07:00:00,223.9
2011-05-23 08:00:00,388.04
2011-05-23 09:00:00,189.59
2011-05-23 10:00:00,120.64
2011-05-23 11:00:00,148.85
2011-05-23 12:00:00,184.29
2011-05-23 13:00:00,173.75
2011-05-23 14:00:00,159.73
2011-05-23 15:00:00,161.83
2011-05-23 16:00:00,281.14
2011-05-23 17:00:00,493.74
2011-05-23 18:00:00,507.78
2011-05-23 19:00:00,386.2
2011-05-23 20:00:00,222.47
2011-05-23 21:00:00,128.47
2011-05-23 22:00:00,133.74
2011-05-23 23:00:00,73.23
2011-05-24 00:00:00,22.93
2011-05-24 01:00:00,11.92
2011-05-24 02:00:00,7.42
2011-05-24 03:00:00,4.02
2011-05-24 04:00:00,5.44
2011-05-24 05:00:00,16.85
2011-05-24 06:00:00,106.86
2011-05-24 07:00:00,176.91
2011-05-24 08:00:00,271.77
2011-05-24 09:00:00,214.63
2011-05-24 10:00:00,123.17
2011-05-24 11:00:00,143.15
2011-05-24 12:00:00,180.37
2011-05-24 13:00:00,188.42
2011-05-24 14:00:00,169.64
2011-05-24 15:00:00,167.18
2011-05-24 16:00:00,293.12
2011-05-24 17:00:00,468.78
2011-05-24 18:00:00,516.58
2011-05-24 19:00:00,371.24
2011-05-24 20:00:00,275.88
2011-05-24 21:00:00,223.65
2011-05-24 22:00:00,84.03
2011-05-24 23:00:00,84.33
2011-05-25 00:00:00,24.97
2011-05-25 01:00:00,13.26
2011-05-25 02:00:00,9.24
2011-05-25 03:00:00,4.82
2011-05-25 04:00:00,5.48
2011-05-25 05:00:00,21.91
2011-05-25 06:00:00,104.77
2011-05-25 07:00:00,310.43
2011-05-25 08:00:00,442.43
2011-05-25 09:00:00,207.3
2011-05-25 10:00:00,124.45
2011-05-25 11:00:00,149.97
2011-05-25 12:00:00,186.03
2011-05-25 13:00:00,177.89
2011-05-25 14:00:00,161.14
2011-05-25 15:00:00,169.21
2011-05-25 16:00:00,284.83
2011-05-25 17:00:00,556.32
2011-05-25 18:00:00,541.3
2011-05-25 19:00:00,381.95
2011-05-25 20:00:00,294.81
2011-05-25 21:00:00,203.26
2011-05-25 22:00:00,154.36
2011-05-25 23:00:00,98.21
2011-05-26 00:00:00,46.54
2011-05-26 01:00:00,17.81
2011-05-26 02:00:00,12.83
2011-05-26 03:00:00,5.36
2011-05-26 04:00:00,5.52
2011-05-26 05:00:00,20.35
2011-05-26 06:00:00,100.17
2011-05-26 07:00:00,219.92
2011-05-26 08:00:00,436.56
2011-05-26 09:00:00,206.57
2011-05-26 10:00:00,118.06
2011-05-26 11:00:00,145.81
2011-05-26 12:00:00,185.9
2011-05-26 13:00:00,173.85
2011-05-26 14:00:00,161.08
2011-05-26 15:00:00,171.02
2011-05-26 16:00:00,292.64
2011-05-26 17:00:00,521.93
2011-05-26 18:00:00,518.99
2011-05-26 19:00:00,360.87
2011-05-26 20:00:00,289.41
2011-05-26 21:00:00,194.84
2011-05-26 22:00:00,154.35
2011-05-26 23:00:00,114.37
2011-05-27 00:00:00,63.79
2011-05-27 01:00:00,30.68
2011-05-27 02:00:00,14.87
2011-05-27 03:00:00,5.88
2011-05-27 04:00:00,6.24
2011-05-27 05:00:00,26.11
2011-05-27 06:00:00,105.15
2011-05-27 07:00:00,268.28
2011-05-27 08:00:00,449.38
2011-05-27 09:00:00,216.22
2011-05-27 10:00:00,151.59
2011-05-27 11:00:00,161.13
2011-05-27 12:00:00,222.06
2011-05-27 13:00:00,229.44
2011-05-27 14:00:00,217.39
2011-05-27 15:00:00,222.02
2011-05-27 16:00:00,328.5
2011-05-27 17:00:00,514.15
2011-05-27 18:00:00,450.45
2011-05-27 19:00:00,298.92
2011-05-27 20:00:00,195.6
2011-05-27 21:00:00,170.51
2011-05-27 22:00:00,148.94
2011-05-27 23:00:00,113.89
2011-05-28 00:00:00,104.0
2011-05-28 01:00:00,81.19
2011-05-28 02:00:00,55.18
2011-05-28 03:00:00,25.45
2011-05-28 04:00:00,8.87
2011-05-28 05:00:00,11.72
2011-05-28 06:00:00,34.02
2011-05-28 07:00:00,51.15
2011-05-28 08:00:00,113.96
2011-05-28 09:00:00,200.62
2011-05-28 10:00:00,284.8
2011-05-28 11:00:00,361.55
2011-05-28 12:00:00,378.75
2011-05-28 13:00:00,386.36
2011-05-28 14:00:00,372.9
2011-05-28 15:00:00,403.69
2011-05-28 16:00:00,400.4
2011-05-28 17:00:00,377.2933333333333
2011-05-28 18:00:00,341.155
2011-05-28 19:00:00,282.145
2011-05-28 20:00:00,267.81
2011-05-28 21:00:00,183.05
2011-05-28 22:00:00,174.72
2011-05-28 23:00:00,137.08
2011-05-29 00:00:00,115.39
2011-05-29 01:00:00,81.67
2011-05-29 02:00:00,60.81
2011-05-29 03:00:00,27.72
2011-05-29 04:00:00,12.17
2011-05-29 05:00:00,14.39
2011-05-29 06:00:00,17.42
2011-05-29 07:00:00,46.34
2011-05-29 08:00:00,93.08
2011-05-29 09:00:00,129.35
2011-05-29 10:00:00,277.09
2011-05-29 11:00:00,320.24
2011-05-29 12:00:00,372.86
2011-05-29 13:00:00,399.94
2011-05-29 14:00:00,391.07
2011-05-29 15:00:00,400.78
2011-05-29 16:00:00,348.71
2011-05-29 17:00:00,353.4925
2011-05-29 18:00:00,268.43
2011-05-29 19:00:00,267.55
2011-05-29 20:00:00,221.84
2011-05-29 21:00:00,169.53
2011-05-29 22:00:00,128.15
2011-05-29 23:00:00,102.8
2011-05-30 00:00:00,53.44
2011-05-30 01:00:00,73.9
2011-05-30 02:00:00,42.21
2011-05-30 03:00:00,22.03
2011-05-30 04:00:00,13.37
2011-05-30 05:00:00,13.44
2011-05-30 06:00:00,67.15
2011-05-30 07:00:00,90.66
2011-05-30 08:00:00,132.3
2011-05-30 09:00:00,202.81
2011-05-30 10:00:00,277.35
2011-05-30 11:00:00,350.08
2011-05-30 12:00:00,366.44
2011-05-30 13:00:00,364.09
2011-05-30 14:00:00,353.73
2011-05-30 15:00:00,348.08
2011-05-30 16:00:00,347.69
2011-05-30 17:00:00,458.97
2011-05-30 18:00:00,453.76
2011-05-30 19:00:00,315.03
2011-05-30 20:00:00,324.18
2011-05-30 21:00:00,347.92
2011-05-30 22:00:00,288.69
2011-05-30 23:00:00,107.83
2011-05-31 00:00:00,41.49
2011-05-31 01:00:00,21.17
2011-05-31 02:00:00,8.32
2011-05-31 03:00:00,4.38
2011-05-31 04:00:00,5.65
2011-05-31 05:00:00,20.77
2011-05-31 06:00:00,115.69
2011-05-31 07:00:00,303.76
2011-05-31 08:00:00,440.04
2011-05-31 09:00:00,185.59
2011-05-31 10:00:00,122.42
2011-05-31 11:00:00,143.04
2011-05-31 12:00:00,153.28
2011-05-31 13:00:00,151.79
2011-05-31 14:00:00,142.04
2011-05-31 15:00:00,149.09
2011-05-31 16:00:00,231.11
2011-05-31 17:00:00,514.68
2011-05-31 18:00:00,512.83
2011-05-31 19:00:00,370.71
2011-05-31 20:00:00,278.66
2011-05-31 21:00:00,203.86
2011-05-31 22:00:00,145.68
2011-05-31 23:00:00,80.92
2011-06-20 00:00:00,36.2
2011-06-20 01:00:00,14.8
2011-06-20 02:00:00,7.72
2011-06-20 03:00:00,4.08
2011-06-20 04:00:00,4.62
2011-06-20 05:00:00,19.31
2011-06-20 06:00:00,94.9
2011-06-20 07:00:00,154.72
2011-06-20 08:00:00,268.35
2011-06-20 09:00:00,200.79
2011-06-20 10:00:00,112.7
2011-06-20 11:00:00,128.09
2011-06-20 12:00:00,173.79
2011-06-20 13:00:00,179.49
2011-06-20 14:00:00,173.47
2011-06-20 15:00:00,176.8
2011-06-20 16:00:00,296.88
2011-06-20 17:00:00,497.59
2011-06-20 18:00:00,541.31
2011-06-20 19:00:00,395.36
2011-06-20 20:00:00,289.12
2011-06-20 21:00:00,204.81
2011-06-20 22:00:00,137.62
2011-06-20 23:00:00,92.61
2011-06-21 00:00:00,31.89
2011-06-21 01:00:00,12.06
2011-06-21 02:00:00,5.92
2011-06-21 03:00:00,4.61
2011-06-21 04:00:00,5.18
2011-06-21 05:00:00,21.3
2011-06-21 06:00:00,110.07
2011-06-21 07:00:00,250.09
2011-06-21 08:00:00,430.52
2011-06-21 09:00:00,197.06
2011-06-21 10:00:00,119.51
2011-06-21 11:00:00,136.62
2011-06-21 12:00:00,162.2
2011-06-21 13:00:00,168.3
2011-06-21 14:00:00,162.03
2011-06-21 15:00:00,166.52
2011-06-21 16:00:00,281.33
2011-06-21 17:00:00,565.64
2011-06-21 18:00:00,509.7
2011-06-21 19:00:00,361.51
2011-06-21 20:00:00,272.59
2011-06-21 21:00:00,213.81
2011-06-21 22:00:00,160.94
2011-06-21 23:00:00,79.14
2011-06-22 00:00:00,35.55
2011-06-22 01:00:00,18.38
2011-06-22 02:00:00,8.11
2011-06-22 03:00:00,5.67
2011-06-22 04:00:00,6.14
2011-06-22 05:00:00,26.97
2011-06-22 06:00:00,105.1
2011-06-22 07:00:00,296.0
2011-06-22 08:00:00,438.82
2011-06-22 09:00:00,193.06
2011-06-22 10:00:00,126.15
2011-06-22 11:00:00,142.24
2011-06-22 12:00:00,176.52
2011-06-22 13:00:00,156.44
2011-06-22 14:00:00,159.91
2011-06-22 15:00:00,158.2
2011-06-22 16:00:00,257.62
2011-06-22 17:00:00,526.62
2011-06-22 18:00:00,509.92
2011-06-22 19:00:00,368.23
2011-06-22 20:00:00,283.91
2011-06-22 21:00:00,221.34
2011-06-22 22:00:00,167.4
2011-06-22 23:00:00,89.43
2011-06-23 00:00:00,45.41
2011-06-23 01:00:00,19.37
2011-06-23 02:00:00,13.13
2011-06-23 03:00:00,6.13
2011-06-23 04:00:00,6.28
2011-06-23 05:00:00,25.45
2011-06-23 06:00:00,120.94
2011-06-23 07:00:00,319.62
2011-06-23 08:00:00,438.22
2011-06-23 09:00:00,203.04
2011-06-23 10:00:00,124.68
2011-06-23 11:00:00,135.33
2011-06-23 12:00:00,167.46
2011-06-23 13:00:00,175.22
2011-06-23 14:00:00,161.59
2011-06-23 15:00:00,168.45
2011-06-23 16:00:00,286.43
2011-06-23 17:00:00,516.85
2011-06-23 18:00:00,527.29
2011-06-23 19:00:00,368.15
2011-06-23 20:00:00,295.09
2011-06-23 21:00:00,209.8
2011-06-23 22:00:00,162.3
2011-06-23 23:00:00,119.79
2011-06-24 00:00:00,56.63
2011-06-24 01:00:00,26.07
2011-06-24 02:00:00,15.5
2011-06-24 03:00:00,6.27
2011-06-24 04:00:00,6.13
2011-06-24 05:00:00,26.51
2011-06-24 06:00:00,101.96
2011-06-24 07:00:00,265.67
2011-06-24 08:00:00,448.13
2011-06-24 09:00:00,231.28
2011-06-24 10:00:00,138.11
2011-06-24 11:00:00,150.62
2011-06-24 12:00:00,212.21
2011-06-24 13:00:00,208.81
2011-06-24 14:00:00,223.01
2011-06-24 15:00:00,203.03
2011-06-24 16:00:00,341.37
2011-06-24 17:00:00,545.54
2011-06-24 18:00:00,495.22
2011-06-24 19:00:00,362.65
2011-06-24 20:00:00,290.19
2011-06-24 21:00:00,222.12
2011-06-24 22:00:00,206.74
2011-06-24 23:00:00,142.09
2011-06-25 00:00:00,122.64
2011-06-25 01:00:00,78.38
2011-06-25 02:00:00,56.18
2011-06-25 03:00:00,30.68
2011-06-25 04:00:00,9.73
2011-06-25 05:00:00,12.34
2011-06-25 06:00:00,35.41
2011-06-25 07:00:00,59.82
2011-06-25 08:00:00,152.7
2011-06-25 09:00:00,197.59
2011-06-25 10:00:00,311.05
2011-06-25 11:00:00,379.8
2011-06-25 12:00:00,412.39
2011-06-25 13:00:00,407.36
2011-06-25 14:00:00,402.85
2011-06-25 15:00:00,402.46
2011-06-25 16:00:00,400.79
2011-06-25 17:00:00,395.3315
2011-06-25 18:00:00,385.265
2011-06-25 19:00:00,321.245
2011-06-25 20:00:00,290.4
2011-06-25 21:00:00,207.86
2011-06-25 22:00:00,204.07
2011-06-25 23:00:00,136.24
2011-06-26 00:00:00,102.4
2011-06-26 01:00:00,86.51
2011-06-26 02:00:00,72.43
2011-06-26 03:00:00,35.68
2011-06-26 04:00:00,13.8
2011-06-26 05:00:00,13.86
2011-06-26 06:00:00,28.15
2011-06-26 07:00:00,51.75
2011-06-26 08:00:00,111.24
2011-06-26 09:00:00,179.33
2011-06-26 10:00:00,311.34
2011-06-26 11:00:00,384.03
2011-06-26 12:00:00,408.71
2011-06-26 13:00:00,393.41
2011-06-26 14:00:00,392.16
2011-06-26 15:00:00,398.43
2011-06-26 16:00:00,408.15
2011-06-26 17:00:00,372.9975
2011-06-26 18:00:00,377.56
2011-06-26 19:00:00,323.78
2011-06-26 20:00:00,252.95
2011-06-26 21:00:00,187.57
2011-06-26 22:00:00,204.05
2011-06-26 23:00:00,107.35
2011-06-27 00:00:00,34.45
2011-06-27 01:00:00,11.06
2011-06-27 02:00:00,8.83
2011-06-27 03:00:00,4.76
2011-06-27 04:00:00,5.48
2011-06-27 05:00:00,22.24
2011-06-27 06:00:00,108.09
2011-06-27 07:00:00,321.88
2011-06-27 08:00:00,396.74
2011-06-27 09:00:00,205.81
2011-06-27 10:00:00,118.31
2011-06-27 11:00:00,150.62
2011-06-27 12:00:00,172.35
2011-06-27 13:00:00,168.84
2011-06-27 14:00:00,161.31
2011-06-27 15:00:00,161.03
2011-06-27 16:00:00,291.44
2011-06-27 17:00:00,537.19
2011-06-27 18:00:00,503.58
2011-06-27 19:00:00,399.18
2011-06-27 20:00:00,298.96
2011-06-27 21:00:00,187.95
2011-06-27 22:00:00,141.34
2011-06-27 23:00:00,91.66
2011-06-28 00:00:00,35.57
2011-06-28 01:00:00,17.4
2011-06-28 02:00:00,10.95
2011-06-28 03:00:00,6.52
2011-06-28 04:00:00,6.36
2011-06-28 05:00:00,24.44
2011-06-28 06:00:00,109.35
2011-06-28 07:00:00,315.24
2011-06-28 08:00:00,433.58
2011-06-28 09:00:00,199.82
2011-06-28 10:00:00,118.48
2011-06-28 11:00:00,151.02
2011-06-28 12:00:00,172.54
2011-06-28 13:00:00,183.18
2011-06-28 14:00:00,147.95
2011-06-28 15:00:00,149.17
2011-06-28 16:00:00,238.37
2011-06-28 17:00:00,448.77
2011-06-28 18:00:00,437.15
2011-06-28 19:00:00,359.55
2011-06-28 20:00:00,291.16
2011-06-28 21:00:00,203.7
2011-06-28 22:00:00,158.08
2011-06-28 23:00:00,89.76
2011-06-29 00:00:00,35.54
2011-06-29 01:00:00,19.1
2011-06-29 02:00:00,8.22
2011-06-29 03:00:00,5.34
2011-06-29 04:00:00,6.4
2011-06-29 05:00:00,25.37
2011-06-29 06:00:00,111.89
2011-06-29 07:00:00,307.7
2011-06-29 08:00:00,461.32
2011-06-29 09:00:00,205.88
2011-06-29 10:00:00,123.29
2011-06-29 11:00:00,152.03
2011-06-29 12:00:00,197.49
2011-06-29 13:00:00,180.06
2011-06-29 14:00:00,167.38
2011-06-29 15:00:00,169.21
2011-06-29 16:00:00,300.54
2011-06-29 17:00:00,549.91
2011-06-29 18:00:00,544.36
2011-06-29 19:00:00,384.47
2011-06-29 20:00:00,307.89
2011-06-29 21:00:00,237.08
2011-06-29 22:00:00,169.36
2011-06-29 23:00:00,99.32
2011-06-30 00:00:00,45.19
2011-06-30 01:00:00,19.84
2011-06-30 02:00:00,10.69
2011-06-30 03:00:00,6.88
2011-06-30 04:00:00,7.08
2011-06-30 05:00:00,28.39
2011-06-30 06:00:00,115.73
2011-06-30 07:00:00,331.63
2011-06-30 08:00:00,457.51
2011-06-30 09:00:00,206.48
2011-06-30 10:00:00,127.83
2011-06-30 11:00:00,158.34
2011-06-30 12:00:00,197.67
2011-06-30 13:00:00,192.52
2011-06-30 14:00:00,168.61
2011-06-30 15:00:00,177.2
2011-06-30 16:00:00,290.39
2011-06-30 17:00:00,568.92
2011-06-30 18:00:00,540.7
2011-06-30 19:00:00,389.69
2011-06-30 20:00:00,303.32
2011-06-30 21:00:00,218.87
2011-06-30 22:00:00,170.35
2011-06-30 23:00:00,127.11
2011-07-20 00:00:00,39.54
2011-07-20 01:00:00,16.35
2011-07-20 02:00:00,6.99
2011-07-20 03:00:00,5.73
2011-07-20 04:00:00,6.11
2011-07-20 05:00:00,24.75
2011-07-20 06:00:00,121.75
2011-07-20 07:00:00,304.05
2011-07-20 08:00:00,432.43
2011-07-20 09:00:00,201.11
2011-07-20 10:00:00,116.5
2011-07-20 11:00:00,142.02
2011-07-20 12:00:00,160.91
2011-07-20 13:00:00,154.33
2011-07-20 14:00:00,148.8
2011-07-20 15:00:00,153.53
2011-07-20 16:00:00,242.19
2011-07-20 17:00:00,506.21
2011-07-20 18:00:00,507.21
2011-07-20 19:00:00,379.39
2011-07-20 20:00:00,295.26
2011-07-20 21:00:00,225.68
2011-07-20 22:00:00,162.77
2011-07-20 23:00:00,94.56
2011-07-21 00:00:00,47.46
2011-07-21 01:00:00,17.72
2011-07-21 02:00:00,9.17
2011-07-21 03:00:00,5.71
2011-07-21 04:00:00,5.29
2011-07-21 05:00:00,20.38
2011-07-21 06:00:00,121.44
2011-07-21 07:00:00,313.86
2011-07-21 08:00:00,438.0
2011-07-21 09:00:00,192.23
2011-07-21 10:00:00,120.1
2011-07-21 11:00:00,133.34
2011-07-21 12:00:00,144.63
2011-07-21 13:00:00,141.01
2011-07-21 14:00:00,137.21
2011-07-21 15:00:00,141.83
2011-07-21 16:00:00,234.33
2011-07-21 17:00:00,463.74
2011-07-21 18:00:00,470.76
2011-07-21 19:00:00,374.44
2011-07-21 20:00:00,287.09
2011-07-21 21:00:00,221.76
2011-07-21 22:00:00,173.04
2011-07-21 23:00:00,118.74
2011-07-22 00:00:00,68.51
2011-07-22 01:00:00,28.4
2011-07-22 02:00:00,20.38
2011-07-22 03:00:00,6.56
2011-07-22 04:00:00,6.69
2011-07-22 05:00:00,25.32
2011-07-22 06:00:00,108.4
2011-07-22 07:00:00,260.86
2011-07-22 08:00:00,451.71
2011-07-22 09:00:00,222.76
2011-07-22 10:00:00,139.47
2011-07-22 11:00:00,149.1
2011-07-22 12:00:00,210.95
2011-07-22 13:00:00,211.12
2011-07-22 14:00:00,207.15
2011-07-22 15:00:00,193.8
2011-07-22 16:00:00,291.8
2011-07-22 17:00:00,466.88
2011-07-22 18:00:00,456.26
2011-07-22 19:00:00,343.21
2011-07-22 20:00:00,283.78
2011-07-22 21:00:00,213.2
2011-07-22 22:00:00,200.64
2011-07-22 23:00:00,142.31
2011-07-23 00:00:00,114.53
2011-07-23 01:00:00,76.5
2011-07-23 02:00:00,66.27
2011-07-23 03:00:00,29.95
2011-07-23 04:00:00,10.81
2011-07-23 05:00:00,11.24
2011-07-23 06:00:00,36.9
2011-07-23 07:00:00,61.13
2011-07-23 08:00:00,157.16
2011-07-23 09:00:00,201.92
2011-07-23 10:00:00,294.54
2011-07-23 11:00:00,331.42
2011-07-23 12:00:00,364.51
2011-07-23 13:00:00,353.02
2011-07-23 14:00:00,355.83
2011-07-23 15:00:00,356.22
2011-07-23 16:00:00,398.85
2011-07-23 17:00:00,369.97
2011-07-23 18:00:00,369.36
2011-07-23 19:00:00,314.31
2011-07-23 20:00:00,294.67
2011-07-23 21:00:00,218.68
2011-07-23 22:00:00,201.0
2011-07-23 23:00:00,130.82
2011-07-24 00:00:00,116.14
2011-07-24 01:00:00,78.78
2011-07-24 02:00:00,76.15
2011-07-24 03:00:00,36.0
2011-07-24 04:00:00,9.94
2011-07-24 05:00:00,9.88
2011-07-24 06:00:00,26.05
2011-07-24 07:00:00,56.03
2011-07-24 08:00:00,130.23
2011-07-24 09:00:00,203.77
2011-07-24 10:00:00,291.75
2011-07-24 11:00:00,324.42
2011-07-24 12:00:00,363.28
2011-07-24 13:00:00,347.49
2011-07-24 14:00:00,341.33
2011-07-24 15:00:00,344.84
2011-07-24 16:00:00,382.57
2011-07-24 17:00:00,372.53
2011-07-24 18:00:00,373.53
2011-07-24 19:00:00,331.03
2011-07-24 20:00:00,271.63
2011-07-24 21:00:00,200.33
2011-07-24 22:00:00,165.37
2011-07-24 23:00:00,103.6
2011-07-25 00:00:00,48.31
2011-07-25 01:00:00,15.95
2011-07-25 02:00:00,8.2
2011-07-25 03:00:00,5.08
2011-07-25 04:00:00,5.84
2011-07-25 05:00:00,24.73
2011-07-25 06:00:00,121.07
2011-07-25 07:00:00,305.87
2011-07-25 08:00:00,412.05
2011-07-25 09:00:00,182.42
2011-07-25 10:00:00,116.98
2011-07-25 11:00:00,133.51
2011-07-25 12:00:00,155.98
2011-07-25 13:00:00,150.39
2011-07-25 14:00:00,135.28
2011-07-25 15:00:00,133.6
2011-07-25 16:00:00,282.47
2011-07-25 17:00:00,488.69
2011-07-25 18:00:00,488.94
2011-07-25 19:00:00,384.27
2011-07-25 20:00:00,287.65
2011-07-25 21:00:00,179.73
2011-07-25 22:00:00,147.86
2011-07-25 23:00:00,76.74
2011-07-26 00:00:00,42.33
2011-07-26 01:00:00,19.18
2011-07-26 02:00:00,8.2
2011-07-26 03:00:00,5.53
2011-07-26 04:00:00,5.88
2011-07-26 05:00:00,27.0
2011-07-26 06:00:00,117.24
2011-07-26 07:00:00,308.84
2011-07-26 08:00:00,438.78
2011-07-26 09:00:00,195.77
2011-07-26 10:00:00,132.21
2011-07-26 11:00:00,158.64
2011-07-26 12:00:00,195.05
2011-07-26 13:00:00,184.34
2011-07-26 14:00:00,170.04
2011-07-26 15:00:00,174.58
2011-07-26 16:00:00,276.41
2011-07-26 17:00:00,557.56
2011-07-26 18:00:00,551.32
2011-07-26 19:00:00,379.27
2011-07-26 20:00:00,299.8
2011-07-26 21:00:00,238.42
2011-07-26 22:00:00,160.01
2011-07-26 23:00:00,80.83
2011-07-27 00:00:00,44.93
2011-07-27 01:00:00,16.55
2011-07-27 02:00:00,14.75
2011-07-27 03:00:00,5.43
2011-07-27 04:00:00,5.24
2011-07-27 05:00:00,28.36
2011-07-27 06:00:00,120.28
2011-07-27 07:00:00,302.26
2011-07-27 08:00:00,458.86
2011-07-27 09:00:00,200.36
2011-07-27 10:00:00,124.48
2011-07-27 11:00:00,160.32
2011-07-27 12:00:00,193.56
2011-07-27 13:00:00,186.48
2011-07-27 14:00:00,170.97
2011-07-27 15:00:00,178.7
2011-07-27 16:00:00,282.07
2011-07-27 17:00:00,551.85
2011-07-27 18:00:00,522.49
2011-07-27 19:00:00,395.01
2011-07-27 20:00:00,310.4
2011-07-27 21:00:00,224.06
2011-07-27 22:00:00,160.25
2011-07-27 23:00:00,85.01
2011-07-28 00:00:00,49.1
2011-07-28 01:00:00,18.48
2011-07-28 02:00:00,11.7
2011-07-28 03:00:00,6.63
2011-07-28 04:00:00,5.85
2011-07-28 05:00:00,28.93
2011-07-28 06:00:00,116.71
2011-07-28 07:00:00,308.9
2011-07-28 08:00:00,440.09
2011-07-28 09:00:00,189.86
2011-07-28 10:00:00,115.74
2011-07-28 11:00:00,136.62
2011-07-28 12:00:00,151.05
2011-07-28 13:00:00,144.93
2011-07-28 14:00:00,146.78
2011-07-28 15:00:00,146.28
2011-07-28 16:00:00,228.83
2011-07-28 17:00:00,508.34
2011-07-28 18:00:00,498.97
2011-07-28 19:00:00,371.94
2011-07-28 20:00:00,283.0
2011-07-28 21:00:00,203.57
2011-07-28 22:00:00,158.52
2011-07-28 23:00:00,119.35
2011-07-29 00:00:00,58.89
2011-07-29 01:00:00,30.01
2011-07-29 02:00:00,20.41
2011-07-29 03:00:00,5.21
2011-07-29 04:00:00,5.79
2011-07-29 05:00:00,21.69
2011-07-29 06:00:00,104.07
2011-07-29 07:00:00,262.78
2011-07-29 08:00:00,430.6
2011-07-29 09:00:00,225.1
2011-07-29 10:00:00,141.36
2011-07-29 11:00:00,151.22
2011-07-29 12:00:00,209.51
2011-07-29 13:00:00,212.31
2011-07-29 14:00:00,208.61
2011-07-29 15:00:00,204.54
2011-07-29 16:00:00,298.51
2011-07-29 17:00:00,483.84
2011-07-29 18:00:00,458.61
2011-07-29 19:00:00,348.57
2011-07-29 20:00:00,284.25
2011-07-29 21:00:00,235.87
2011-07-29 22:00:00,200.0
2011-07-29 23:00:00,130.0
2011-07-30 00:00:00,137.88
2011-07-30 01:00:00,77.59
2011-07-30 02:00:00,67.62
2011-07-30 03:00:00,32.1
2011-07-30 04:00:00,10.44
2011-07-30 05:00:00,11.62
2011-07-30 06:00:00,31.6
2011-07-30 07:00:00,56.21
2011-07-30 08:00:00,143.86
2011-07-30 09:00:00,224.5
2011-07-30 10:00:00,295.02
2011-07-30 11:00:00,343.8
2011-07-30 12:00:00,385.54
2011-07-30 13:00:00,375.58
2011-07-30 14:00:00,361.03
2011-07-30 15:00:00,349.6
2011-07-30 16:00:00,387.94
2011-07-30 17:00:00,365.67
2011-07-30 18:00:00,359.06
2011-07-30 19:00:00,355.11
2011-07-30 20:00:00,268.92
2011-07-30 21:00:00,224.36
2011-07-30 22:00:00,196.35
2011-07-30 23:00:00,131.38
2011-07-31 00:00:00,118.95
2011-07-31 01:00:00,79.35
2011-07-31 02:00:00,78.57
2011-07-31 03:00:00,33.92
2011-07-31 04:00:00,9.64
2011-07-31 05:00:00,11.15
2011-07-31 06:00:00,26.07
2011-07-31 07:00:00,56.7
2011-07-31 08:00:00,120.9
2011-07-31 09:00:00,194.92
2011-07-31 10:00:00,285.92
2011-07-31 11:00:00,335.11
2011-07-31 12:00:00,367.05
2011-07-31 13:00:00,362.46
2011-07-31 14:00:00,353.16
2011-07-31 15:00:00,349.44
2011-07-31 16:00:00,368.7
2011-07-31 17:00:00,366.86
2011-07-31 18:00:00,373.16
2011-07-31 19:00:00,327.06
2011-07-31 20:00:00,273.34
2011-07-31 21:00:00,202.82
2011-07-31 22:00:00,156.62
2011-07-31 23:00:00,102.8
2011-08-20 00:00:00,109.01
2011-08-20 01:00:00,79.45
2011-08-20 02:00:00,60.85
2011-08-20 03:00:00,32.26
2011-08-20 04:00:00,10.14
2011-08-20 05:00:00,9.87
2011-08-20 06:00:00,23.76
2011-08-20 07:00:00,48.81
2011-08-20 08:00:00,119.2
2011-08-20 09:00:00,207.58
2011-08-20 10:00:00,300.23
2011-08-20 11:00:00,375.84
2011-08-20 12:00:00,389.8
2011-08-20 13:00:00,382.1
2011-08-20 14:00:00,381.94
2011-08-20 15:00:00,392.16
2011-08-20 16:00:00,388.58
2011-08-20 17:00:00,378.33
2011-08-20 18:00:00,356.8
2011-08-20 19:00:00,343.03
2011-08-20 20:00:00,276.05
2011-08-20 21:00:00,202.45
2011-08-20 22:00:00,167.51
2011-08-20 23:00:00,118.15
2011-08-21 00:00:00,134.56
2011-08-21 01:00:00,76.79
2011-08-21 02:00:00,73.33
2011-08-21 03:00:00,35.85
2011-08-21 04:00:00,8.39
2011-08-21 05:00:00,11.09
2011-08-21 06:00:00,12.1
2011-08-21 07:00:00,49.25
2011-08-21 08:00:00,93.06
2011-08-21 09:00:00,193.42
2011-08-21 10:00:00,277.76
2011-08-21 11:00:00,327.17
2011-08-21 12:00:00,366.4
2011-08-21 13:00:00,386.89
2011-08-21 14:00:00,258.14
2011-08-21 15:00:00,326.21
2011-08-21 16:00:00,299.35
2011-08-21 17:00:00,242.835
2011-08-21 18:00:00,241.32
2011-08-21 19:00:00,298.36
2011-08-21 20:00:00,223.62
2011-08-21 21:00:00,194.61
2011-08-21 22:00:00,165.08
2011-08-21 23:00:00,94.52
2011-08-22 00:00:00,36.76
2011-08-22 01:00:00,20.34
2011-08-22 02:00:00,9.66
2011-08-22 03:00:00,5.39
2011-08-22 04:00:00,6.24
2011-08-22 05:00:00,27.49
2011-08-22 06:00:00,108.49
2011-08-22 07:00:00,304.33
2011-08-22 08:00:00,384.98
2011-08-22 09:00:00,198.3
2011-08-22 10:00:00,127.23
2011-08-22 11:00:00,155.74
2011-08-22 12:00:00,191.26
2011-08-22 13:00:00,186.08
2011-08-22 14:00:00,177.56
2011-08-22 15:00:00,181.39
2011-08-22 16:00:00,305.61
2011-08-22 17:00:00,568.53
2011-08-22 18:00:00,553.09
2011-08-22 19:00:00,401.67
2011-08-22 20:00:00,314.99
2011-08-22 21:00:00,218.18
2011-08-22 22:00:00,133.36
2011-08-22 23:00:00,93.96
2011-08-23 00:00:00,32.97
2011-08-23 01:00:00,14.54
2011-08-23 02:00:00,10.8
2011-08-23 03:00:00,4.19
2011-08-23 04:00:00,5.45
2011-08-23 05:00:00,25.87
2011-08-23 06:00:00,114.31
2011-08-23 07:00:00,324.38
2011-08-23 08:00:00,438.74
2011-08-23 09:00:00,212.32
2011-08-23 10:00:00,126.61
2011-08-23 11:00:00,162.35
2011-08-23 12:00:00,212.6
2011-08-23 13:00:00,201.81
2011-08-23 14:00:00,178.81
2011-08-23 15:00:00,182.27
2011-08-23 16:00:00,303.76
2011-08-23 17:00:00,587.67
2011-08-23 18:00:00,564.37
2011-08-23 19:00:00,394.83
2011-08-23 20:00:00,302.72
2011-08-23 21:00:00,201.62
2011-08-23 22:00:00,153.82
2011-08-23 23:00:00,89.85
2011-08-24 00:00:00,37.39
2011-08-24 01:00:00,17.81
2011-08-24 02:00:00,8.74
2011-08-24 03:00:00,6.05
2011-08-24 04:00:00,7.29
2011-08-24 05:00:00,24.97
2011-08-24 06:00:00,108.53
2011-08-24 07:00:00,317.35
2011-08-24 08:00:00,430.25
2011-08-24 09:00:00,207.04
2011-08-24 10:00:00,126.68
2011-08-24 11:00:00,152.67
2011-08-24 12:00:00,181.48
2011-08-24 13:00:00,183.38
2011-08-24 14:00:00,173.69
2011-08-24 15:00:00,175.25
2011-08-24 16:00:00,287.35
2011-08-24 17:00:00,567.56
2011-08-24 18:00:00,545.47
2011-08-24 19:00:00,371.29
2011-08-24 20:00:00,291.84
2011-08-24 21:00:00,201.68
2011-08-24 22:00:00,157.12
2011-08-24 23:00:00,99.44
2011-08-25 00:00:00,44.77
2011-08-25 01:00:00,21.63
2011-08-25 02:00:00,8.86
2011-08-25 03:00:00,6.01
2011-08-25 04:00:00,6.12
2011-08-25 05:00:00,25.06
2011-08-25 06:00:00,101.8
2011-08-25 07:00:00,300.66
2011-08-25 08:00:00,424.32
2011-08-25 09:00:00,213.22
2011-08-25 10:00:00,126.23
2011-08-25 11:00:00,128.81
2011-08-25 12:00:00,125.76
2011-08-25 13:00:00,134.1
2011-08-25 14:00:00,149.02
2011-08-25 15:00:00,157.14
2011-08-25 16:00:00,296.7
2011-08-25 17:00:00,432.44
2011-08-25 18:00:00,405.74
2011-08-25 19:00:00,315.26
2011-08-25 20:00:00,219.33
2011-08-25 21:00:00,201.5
2011-08-25 22:00:00,143.64
2011-08-25 23:00:00,116.25
2011-08-26 00:00:00,52.63
2011-08-26 01:00:00,24.03
2011-08-26 02:00:00,17.22
2011-08-26 03:00:00,5.26
2011-08-26 04:00:00,5.9
2011-08-26 05:00:00,20.17
2011-08-26 06:00:00,90.83
2011-08-26 07:00:00,271.27
2011-08-26 08:00:00,402.89
2011-08-26 09:00:00,210.98
2011-08-26 10:00:00,153.57
2011-08-26 11:00:00,154.46
2011-08-26 12:00:00,216.19
2011-08-26 13:00:00,225.39
2011-08-26 14:00:00,210.62
2011-08-26 15:00:00,216.9
2011-08-26 16:00:00,323.34
2011-08-26 17:00:00,476.25
2011-08-26 18:00:00,391.51
2011-08-26 19:00:00,292.42
2011-08-26 20:00:00,232.3
2011-08-26 21:00:00,209.95
2011-08-26 22:00:00,163.34
2011-08-26 23:00:00,124.02
2011-08-27 00:00:00,116.08
2011-08-27 01:00:00,74.35
2011-08-27 02:00:00,64.04
2011-08-27 03:00:00,37.49
2011-08-27 04:00:00,10.34
2011-08-27 05:00:00,12.42
2011-08-27 06:00:00,25.6
2011-08-27 07:00:00,53.31
2011-08-27 08:00:00,124.72
2011-08-27 09:00:00,205.25
2011-08-27 10:00:00,286.63
2011-08-27 11:00:00,187.96
2011-08-27 12:00:00,254.99
2011-08-27 13:00:00,257.99
2011-08-27 14:00:00,195.69
2011-08-27 15:00:00,195.11
2011-08-27 16:00:00,191.55
2011-08-27 17:00:00,177.76
2011-08-28 07:00:00,135.73
2011-08-28 08:00:00,178.23
2011-08-28 09:00:00,202.04
2011-08-28 10:00:00,294.25
2011-08-28 11:00:00,350.71
2011-08-28 12:00:00,413.53
2011-08-28 13:00:00,418.75
2011-08-28 14:00:00,383.8
2011-08-28 15:00:00,389.65
2011-08-28 16:00:00,364.56
2011-08-28 17:00:00,407.945
2011-08-28 18:00:00,380.60916666666674
2011-08-28 19:00:00,332.545
2011-08-28 20:00:00,261.45
2011-08-28 21:00:00,179.33
2011-08-28 22:00:00,145.03
2011-08-28 23:00:00,94.24
2011-08-29 00:00:00,34.05
2011-08-29 01:00:00,14.23
2011-08-29 02:00:00,9.53
2011-08-29 03:00:00,6.44
2011-08-29 04:00:00,5.86
2011-08-29 05:00:00,23.77
2011-08-29 06:00:00,107.67
2011-08-29 07:00:00,318.12
2011-08-29 08:00:00,398.33
2011-08-29 09:00:00,199.61
2011-08-29 10:00:00,127.04
2011-08-29 11:00:00,158.2
2011-08-29 12:00:00,198.3
2011-08-29 13:00:00,212.54
2011-08-29 14:00:00,183.89
2011-08-29 15:00:00,185.3
2011-08-29 16:00:00,306.67
2011-08-29 17:00:00,531.86
2011-08-29 18:00:00,543.63
2011-08-29 19:00:00,411.03
2011-08-29 20:00:00,310.73
2011-08-29 21:00:00,219.95
2011-08-29 22:00:00,141.87
2011-08-29 23:00:00,90.87
2011-08-30 00:00:00,30.27
2011-08-30 01:00:00,13.64
2011-08-30 02:00:00,9.33
2011-08-30 03:00:00,5.4
2011-08-30 04:00:00,5.97
2011-08-30 05:00:00,23.71
2011-08-30 06:00:00,111.35
2011-08-30 07:00:00,334.06
2011-08-30 08:00:00,441.17
2011-08-30 09:00:00,198.85
2011-08-30 10:00:00,132.85
2011-08-30 11:00:00,159.46
2011-08-30 12:00:00,209.5
2011-08-30 13:00:00,205.23
2011-08-30 14:00:00,178.9
2011-08-30 15:00:00,183.36
2011-08-30 16:00:00,307.23
2011-08-30 17:00:00,580.74
2011-08-30 18:00:00,553.84
2011-08-30 19:00:00,393.28
2011-08-30 20:00:00,306.97
2011-08-30 21:00:00,210.49
2011-08-30 22:00:00,156.91
2011-08-30 23:00:00,92.7
2011-08-31 00:00:00,30.84
2011-08-31 01:00:00,16.89
2011-08-31 02:00:00,9.21
2011-08-31 03:00:00,5.87
2011-08-31 04:00:00,6.37
2011-08-31 05:00:00,23.2
2011-08-31 06:00:00,107.41
2011-08-31 07:00:00,325.47
2011-08-31 08:00:00,424.63
2011-08-31 09:00:00,212.4
2011-08-31 10:00:00,129.44
2011-08-31 11:00:00,157.94
2011-08-31 12:00:00,197.58
2011-08-31 13:00:00,208.78
2011-08-31 14:00:00,178.2
2011-08-31 15:00:00,179.97
2011-08-31 16:00:00,295.52
2011-08-31 17:00:00,577.05
2011-08-31 18:00:00,548.32
2011-08-31 19:00:00,374.86
2011-08-31 20:00:00,300.12
2011-08-31 21:00:00,202.72
2011-08-31 22:00:00,146.14
2011-08-31 23:00:00,88.66
2011-09-20 00:00:00,28.45
2011-09-20 01:00:00,11.24
2011-09-20 02:00:00,4.51
2011-09-20 03:00:00,4.54
2011-09-20 04:00:00,5.18
2011-09-20 05:00:00,21.55
2011-09-20 06:00:00,104.3
2011-09-20 07:00:00,298.96
2011-09-20 08:00:00,232.34
2011-09-20 09:00:00,167.74
2011-09-20 10:00:00,82.77
2011-09-20 11:00:00,78.91
2011-09-20 12:00:00,93.0
2011-09-20 13:00:00,92.55
2011-09-20 14:00:00,133.34
2011-09-20 15:00:00,170.84
2011-09-20 16:00:00,298.35
2011-09-20 17:00:00,374.26
2011-09-20 18:00:00,370.15
2011-09-20 19:00:00,306.76
2011-09-20 20:00:00,192.59
2011-09-20 21:00:00,123.81
2011-09-20 22:00:00,128.8
2011-09-20 23:00:00,75.48
2011-09-21 00:00:00,29.12
2011-09-21 01:00:00,11.12
2011-09-21 02:00:00,7.0
2011-09-21 03:00:00,3.79
2011-09-21 04:00:00,4.47
2011-09-21 05:00:00,15.1
2011-09-21 06:00:00,99.74
2011-09-21 07:00:00,246.49
2011-09-21 08:00:00,374.94
2011-09-21 09:00:00,176.05
2011-09-21 10:00:00,106.98
2011-09-21 11:00:00,125.77
2011-09-21 12:00:00,171.07
2011-09-21 13:00:00,162.13
2011-09-21 14:00:00,154.1
2011-09-21 15:00:00,163.98
2011-09-21 16:00:00,302.98
2011-09-21 17:00:00,456.94
2011-09-21 18:00:00,350.65
2011-09-21 19:00:00,196.95
2011-09-21 20:00:00,138.55
2011-09-21 21:00:00,97.3
2011-09-21 22:00:00,118.53
2011-09-21 23:00:00,68.03
2011-09-22 00:00:00,29.57
2011-09-22 01:00:00,10.63
2011-09-22 02:00:00,10.44
2011-09-22 03:00:00,4.39
2011-09-22 04:00:00,4.22
2011-09-22 05:00:00,17.06
2011-09-22 06:00:00,106.78
2011-09-22 07:00:00,244.04
2011-09-22 08:00:00,359.93
2011-09-22 09:00:00,183.1
2011-09-22 10:00:00,123.02
2011-09-22 11:00:00,129.93
2011-09-22 12:00:00,143.45
2011-09-22 13:00:00,137.89
2011-09-22 14:00:00,131.49
2011-09-22 15:00:00,135.19
2011-09-22 16:00:00,301.55
2011-09-22 17:00:00,442.17
2011-09-22 18:00:00,323.79
2011-09-22 19:00:00,212.79
2011-09-22 20:00:00,125.45
2011-09-22 21:00:00,117.96
2011-09-22 22:00:00,113.01
2011-09-22 23:00:00,87.1
2011-09-23 00:00:00,30.91
2011-09-23 01:00:00,15.42
2011-09-23 02:00:00,11.91
2011-09-23 03:00:00,5.73
2011-09-23 04:00:00,5.06
2011-09-23 05:00:00,15.9
2011-09-23 06:00:00,85.69
2011-09-23 07:00:00,151.75
2011-09-23 08:00:00,211.26
2011-09-23 09:00:00,158.28
2011-09-23 10:00:00,133.47
2011-09-23 11:00:00,133.76
2011-09-23 12:00:00,148.56
2011-09-23 13:00:00,158.6
2011-09-23 14:00:00,156.21
2011-09-23 15:00:00,139.47
2011-09-23 16:00:00,216.03
2011-09-23 17:00:00,237.32
2011-09-23 18:00:00,247.2
2011-09-23 19:00:00,248.84
2011-09-23 20:00:00,188.31
2011-09-23 21:00:00,114.1
2011-09-23 22:00:00,125.6
2011-09-23 23:00:00,104.69
2011-09-24 00:00:00,113.44
2011-09-24 01:00:00,66.75
2011-09-24 02:00:00,57.77
2011-09-24 03:00:00,28.58
2011-09-24 04:00:00,9.9
2011-09-24 05:00:00,13.79
2011-09-24 06:00:00,17.33
2011-09-24 07:00:00,52.8
2011-09-24 08:00:00,94.98
2011-09-24 09:00:00,161.22
2011-09-24 10:00:00,285.53
2011-09-24 11:00:00,326.57
2011-09-24 12:00:00,350.19
2011-09-24 13:00:00,368.12
2011-09-24 14:00:00,402.23
2011-09-24 15:00:00,403.18
2011-09-24 16:00:00,321.16
2011-09-24 17:00:00,301.22
2011-09-24 18:00:00,286.8
2011-09-24 19:00:00,244.31
2011-09-24 20:00:00,187.82
2011-09-24 21:00:00,132.32
2011-09-24 22:00:00,132.03
2011-09-24 23:00:00,100.84
2011-09-25 00:00:00,102.76
2011-09-25 01:00:00,80.47
2011-09-25 02:00:00,57.13
2011-09-25 03:00:00,32.83
2011-09-25 04:00:00,14.23
2011-09-25 05:00:00,21.85
2011-09-25 06:00:00,15.14
2011-09-25 07:00:00,53.04
2011-09-25 08:00:00,86.54
2011-09-25 09:00:00,172.83
2011-09-25 10:00:00,297.76
2011-09-25 11:00:00,339.51
2011-09-25 12:00:00,364.58
2011-09-25 13:00:00,395.45
2011-09-25 14:00:00,358.63
2011-09-25 15:00:00,357.77
2011-09-25 16:00:00,372.65
2011-09-25 17:00:00,292.435
2011-09-25 18:00:00,282.775
2011-09-25 19:00:00,229.3
2011-09-25 20:00:00,185.76
2011-09-25 21:00:00,119.28
2011-09-25 22:00:00,140.59
2011-09-25 23:00:00,100.43
2011-09-26 00:00:00,32.45
2011-09-26 01:00:00,10.39
2011-09-26 02:00:00,6.36
2011-09-26 03:00:00,4.6
2011-09-26 04:00:00,5.56
2011-09-26 05:00:00,21.81
2011-09-26 06:00:00,106.33
2011-09-26 07:00:00,251.5
2011-09-26 08:00:00,357.2
2011-09-26 09:00:00,198.7
2011-09-26 10:00:00,111.08
2011-09-26 11:00:00,142.01
2011-09-26 12:00:00,148.84
2011-09-26 13:00:00,156.44
2011-09-26 14:00:00,165.91
2011-09-26 15:00:00,167.74
2011-09-26 16:00:00,297.22
2011-09-26 17:00:00,532.74
2011-09-26 18:00:00,436.77
2011-09-26 19:00:00,315.2
2011-09-26 20:00:00,183.58
2011-09-26 21:00:00,125.52
2011-09-26 22:00:00,129.57
2011-09-26 23:00:00,74.75
2011-09-27 00:00:00,29.68
2011-09-27 01:00:00,10.03
2011-09-27 02:00:00,6.66
2011-09-27 03:00:00,4.51
2011-09-27 04:00:00,4.62
2011-09-27 05:00:00,14.72
2011-09-27 06:00:00,109.25
2011-09-27 07:00:00,255.99
2011-09-27 08:00:00,414.67
2011-09-27 09:00:00,185.84
2011-09-27 10:00:00,92.83
2011-09-27 11:00:00,118.99
2011-09-27 12:00:00,140.08
2011-09-27 13:00:00,157.46
2011-09-27 14:00:00,138.17
2011-09-27 15:00:00,132.97
2011-09-27 16:00:00,292.22
2011-09-27 17:00:00,221.17
2011-09-27 18:00:00,246.54
2011-09-27 19:00:00,227.85
2011-09-27 20:00:00,222.11
2011-09-27 21:00:00,173.22
2011-09-27 22:00:00,143.15
2011-09-27 23:00:00,64.52
2011-09-28 00:00:00,31.37
2011-09-28 01:00:00,12.46
2011-09-28 02:00:00,5.2
2011-09-28 03:00:00,4.45
2011-09-28 04:00:00,6.22
2011-09-28 05:00:00,16.81
2011-09-28 06:00:00,58.47
2011-09-28 07:00:00,119.66
2011-09-28 08:00:00,198.07
2011-09-28 09:00:00,156.86
2011-09-28 10:00:00,70.37
2011-09-28 11:00:00,131.41
2011-09-28 12:00:00,140.92
2011-09-28 13:00:00,159.68
2011-09-28 14:00:00,165.26
2011-09-28 15:00:00,165.85
2011-09-28 16:00:00,302.19
2011-09-28 17:00:00,561.83
2011-09-28 18:00:00,413.41
2011-09-28 19:00:00,281.99
2011-09-28 20:00:00,156.43
2011-09-28 21:00:00,104.89
2011-09-28 22:00:00,141.87
2011-09-28 23:00:00,66.21
2011-09-29 00:00:00,30.26
2011-09-29 01:00:00,11.03
2011-09-29 02:00:00,8.0
2011-09-29 03:00:00,4.68
2011-09-29 04:00:00,5.27
2011-09-29 05:00:00,21.7
2011-09-29 06:00:00,113.69
2011-09-29 07:00:00,296.76
2011-09-29 08:00:00,441.75
2011-09-29 09:00:00,209.98
2011-09-29 10:00:00,133.92
2011-09-29 11:00:00,162.95
2011-09-29 12:00:00,197.04
2011-09-29 13:00:00,192.74
2011-09-29 14:00:00,187.8
2011-09-29 15:00:00,183.6
2011-09-29 16:00:00,301.98
2011-09-29 17:00:00,580.18
2011-09-29 18:00:00,551.49
2011-09-29 19:00:00,366.58
2011-09-29 20:00:00,288.1
2011-09-29 21:00:00,185.62
2011-09-29 22:00:00,153.82
2011-09-29 23:00:00,94.68
2011-09-30 00:00:00,55.46
2011-09-30 01:00:00,27.3
2011-09-30 02:00:00,12.19
2011-09-30 03:00:00,5.83
2011-09-30 04:00:00,5.73
2011-09-30 05:00:00,23.05
2011-09-30 06:00:00,88.01
2011-09-30 07:00:00,264.51
2011-09-30 08:00:00,452.03
2011-09-30 09:00:00,211.79
2011-09-30 10:00:00,158.23
2011-09-30 11:00:00,175.17
2011-09-30 12:00:00,247.14
2011-09-30 13:00:00,250.14
2011-09-30 14:00:00,256.91
2011-09-30 15:00:00,258.79
2011-09-30 16:00:00,353.08
2011-09-30 17:00:00,512.29
2011-09-30 18:00:00,473.47
2011-09-30 19:00:00,283.47
2011-09-30 20:00:00,190.9
2011-09-30 21:00:00,171.72
2011-09-30 22:00:00,123.45
2011-09-30 23:00:00,100.73
2011-10-20 00:00:00,30.07
2011-10-20 01:00:00,13.55
2011-10-20 02:00:00,10.65
2011-10-20 03:00:00,4.3
2011-10-20 04:00:00,5.07
2011-10-20 05:00:00,25.63
2011-10-20 06:00:00,94.16
2011-10-20 07:00:00,284.09
2011-10-20 08:00:00,432.39
2011-10-20 09:00:00,216.77
2011-10-20 10:00:00,126.65
2011-10-20 11:00:00,134.75
2011-10-20 12:00:00,164.99
2011-10-20 13:00:00,168.26
2011-10-20 14:00:00,153.23
2011-10-20 15:00:00,147.08
2011-10-20 16:00:00,236.98
2011-10-20 17:00:00,447.85
2011-10-20 18:00:00,431.33
2011-10-20 19:00:00,266.34
2011-10-20 20:00:00,199.68
2011-10-20 21:00:00,141.6
2011-10-20 22:00:00,114.8
2011-10-20 23:00:00,78.62
2011-10-21 00:00:00,53.06
2011-10-21 01:00:00,24.03
2011-10-21 02:00:00,14.01
2011-10-21 03:00:00,6.12
2011-10-21 04:00:00,6.33
2011-10-21 05:00:00,25.08
2011-10-21 06:00:00,89.03
2011-10-21 07:00:00,266.44
2011-10-21 08:00:00,437.84
2011-10-21 09:00:00,214.79
2011-10-21 10:00:00,155.27
2011-10-21 11:00:00,159.51
2011-10-21 12:00:00,208.03
2011-10-21 13:00:00,204.27
2011-10-21 14:00:00,205.25
2011-10-21 15:00:00,206.97
2011-10-21 16:00:00,297.99
2011-10-21 17:00:00,463.54
2011-10-21 18:00:00,432.28
2011-10-21 19:00:00,243.09
2011-10-21 20:00:00,178.05
2011-10-21 21:00:00,141.48
2011-10-21 22:00:00,116.68
2011-10-21 23:00:00,90.26
2011-10-22 00:00:00,83.88
2011-10-22 01:00:00,65.17
2011-10-22 02:00:00,57.71
2011-10-22 03:00:00,28.19
2011-10-22 04:00:00,8.76
2011-10-22 05:00:00,8.02
2011-10-22 06:00:00,23.8
2011-10-22 07:00:00,45.79
2011-10-22 08:00:00,87.51
2011-10-22 09:00:00,149.54
2011-10-22 10:00:00,246.05
2011-10-22 11:00:00,283.59
2011-10-22 12:00:00,323.98
2011-10-22 13:00:00,354.17
2011-10-22 14:00:00,315.53
2011-10-22 15:00:00,321.41
2011-10-22 16:00:00,337.05
2011-10-22 17:00:00,285.87
2011-10-22 18:00:00,257.5
2011-10-22 19:00:00,220.47
2011-10-22 20:00:00,165.08
2011-10-22 21:00:00,137.76
2011-10-22 22:00:00,110.33
2011-10-22 23:00:00,89.58
2011-10-23 00:00:00,80.51
2011-10-23 01:00:00,65.03
2011-10-23 02:00:00,51.25
2011-10-23 03:00:00,30.95
2011-10-23 04:00:00,10.9
2011-10-23 05:00:00,8.93
2011-10-23 06:00:00,16.8
2011-10-23 07:00:00,42.61
2011-10-23 08:00:00,77.04
2011-10-23 09:00:00,135.48
2011-10-23 10:00:00,243.11
2011-10-23 11:00:00,282.2
2011-10-23 12:00:00,328.81
2011-10-23 13:00:00,347.73
2011-10-23 14:00:00,346.42
2011-10-23 15:00:00,344.14
2011-10-23 16:00:00,354.81
2011-10-23 17:00:00,277.62
2011-10-23 18:00:00,243.17
2011-10-23 19:00:00,211.13
2011-10-23 20:00:00,151.68
2011-10-23 21:00:00,120.43
2011-10-23 22:00:00,93.53
2011-10-23 23:00:00,72.47
2011-10-24 00:00:00,48.15
2011-10-24 01:00:00,10.09
2011-10-24 02:00:00,6.23
2011-10-24 03:00:00,6.85
2011-10-24 04:00:00,6.5166666666666675
2011-10-24 05:00:00,24.44
2011-10-24 06:00:00,91.31
2011-10-24 07:00:00,266.23
2011-10-24 08:00:00,395.09
2011-10-24 09:00:00,187.53
2011-10-24 10:00:00,106.55
2011-10-24 11:00:00,128.91
2011-10-24 12:00:00,174.76
2011-10-24 13:00:00,175.1
2011-10-24 14:00:00,169.03
2011-10-24 15:00:00,176.09
2011-10-24 16:00:00,292.74
2011-10-24 17:00:00,532.94
2011-10-24 18:00:00,531.52
2011-10-24 19:00:00,258.65
2011-10-24 20:00:00,227.09
2011-10-24 21:00:00,167.83
2011-10-24 22:00:00,135.39
2011-10-24 23:00:00,70.11
2011-10-25 00:00:00,51.41
2011-10-25 01:00:00,11.66
2011-10-25 02:00:00,4.5
2011-10-25 03:00:00,5.45
2011-10-25 04:00:00,7.26
2011-10-25 05:00:00,24.61
2011-10-25 06:00:00,99.76
2011-10-25 07:00:00,281.36
2011-10-25 08:00:00,444.54
2011-10-25 09:00:00,202.18
2011-10-25 10:00:00,127.72
2011-10-25 11:00:00,133.73
2011-10-25 12:00:00,190.74
2011-10-25 13:00:00,186.82
2011-10-25 14:00:00,163.77
2011-10-25 15:00:00,171.24
2011-10-25 16:00:00,295.33
2011-10-25 17:00:00,561.47
2011-10-25 18:00:00,499.84
2011-10-25 19:00:00,308.83
2011-10-25 20:00:00,223.69
2011-10-25 21:00:00,158.42
2011-10-25 22:00:00,142.96
2011-10-25 23:00:00,70.95
2011-10-26 00:00:00,49.41
2011-10-26 01:00:00,13.93
2011-10-26 02:00:00,6.13
2011-10-26 03:00:00,4.92
2011-10-26 04:00:00,4.87
2011-10-26 05:00:00,24.88
2011-10-26 06:00:00,109.49
2011-10-26 07:00:00,297.18
2011-10-26 08:00:00,427.9
2011-10-26 09:00:00,205.86
2011-10-26 10:00:00,131.34
2011-10-26 11:00:00,134.06
2011-10-26 12:00:00,155.0
2011-10-26 13:00:00,151.46
2011-10-26 14:00:00,158.35
2011-10-26 15:00:00,164.02
2011-10-26 16:00:00,282.93
2011-10-26 17:00:00,486.05
2011-10-26 18:00:00,469.62
2011-10-26 19:00:00,273.88
2011-10-26 20:00:00,217.91
2011-10-26 21:00:00,171.54
2011-10-26 22:00:00,126.22
2011-10-26 23:00:00,69.33
2011-10-27 00:00:00,37.71
2011-10-27 01:00:00,9.94
2011-10-27 02:00:00,8.31
2011-10-27 03:00:00,4.5
2011-10-27 04:00:00,4.99
2011-10-27 05:00:00,17.45
2011-10-27 06:00:00,54.0
2011-10-27 07:00:00,261.23
2011-10-27 08:00:00,177.16
2011-10-27 09:00:00,200.79
2011-10-27 10:00:00,105.33
2011-10-27 11:00:00,104.8
2011-10-27 12:00:00,100.61
2011-10-27 13:00:00,137.87
2011-10-27 14:00:00,141.39
2011-10-27 15:00:00,145.51
2011-10-27 16:00:00,299.98
2011-10-27 17:00:00,410.02
2011-10-27 18:00:00,397.09
2011-10-27 19:00:00,235.93
2011-10-27 20:00:00,190.73
2011-10-27 21:00:00,133.29
2011-10-27 22:00:00,91.45
2011-10-27 23:00:00,72.74
2011-10-28 00:00:00,44.9
2011-10-28 01:00:00,20.18
2011-10-28 02:00:00,11.18
2011-10-28 03:00:00,3.21
2011-10-28 04:00:00,3.2239999999999998
2011-10-28 05:00:00,22.43
2011-10-28 06:00:00,88.24
2011-10-28 07:00:00,248.05
2011-10-28 08:00:00,401.85
2011-10-28 09:00:00,210.57
2011-10-28 10:00:00,138.71
2011-10-28 11:00:00,155.02
2011-10-28 12:00:00,191.64
2011-10-28 13:00:00,192.34
2011-10-28 14:00:00,184.38
2011-10-28 15:00:00,174.54
2011-10-28 16:00:00,247.47
2011-10-28 17:00:00,384.2
2011-10-28 18:00:00,368.78
2011-10-28 19:00:00,216.27
2011-10-28 20:00:00,151.45
2011-10-28 21:00:00,85.01
2011-10-28 22:00:00,59.4
2011-10-28 23:00:00,63.04
2011-10-29 00:00:00,56.83
2011-10-29 01:00:00,37.26
2011-10-29 02:00:00,34.45
2011-10-29 03:00:00,13.66
2011-10-29 04:00:00,6.0
2011-10-29 05:00:00,4.77
2011-10-29 06:00:00,17.41
2011-10-29 07:00:00,95.63
2011-10-29 08:00:00,117.82
2011-10-29 09:00:00,121.35
2011-10-29 10:00:00,131.4
2011-10-29 11:00:00,133.48
2011-10-29 12:00:00,138.47
2011-10-29 13:00:00,139.61
2011-10-29 14:00:00,136.81
2011-10-29 15:00:00,138.72
2011-10-29 16:00:00,112.07
2011-10-29 17:00:00,111.5
2011-10-29 18:00:00,109.35
2011-10-29 19:00:00,163.81
2011-10-29 20:00:00,116.39
2011-10-29 21:00:00,89.2
2011-10-29 22:00:00,81.43
2011-10-29 23:00:00,67.89
2011-10-30 00:00:00,64.83
2011-10-30 01:00:00,44.8
2011-10-30 02:00:00,39.55
2011-10-30 03:00:00,14.69
2011-10-30 04:00:00,5.23
2011-10-30 05:00:00,4.0
2011-10-30 06:00:00,14.93
2011-10-30 07:00:00,33.88
2011-10-30 08:00:00,78.43
2011-10-30 09:00:00,138.9
2011-10-30 10:00:00,227.25
2011-10-30 11:00:00,269.77
2011-10-30 12:00:00,302.32
2011-10-30 13:00:00,318.75
2011-10-30 14:00:00,332.93
2011-10-30 15:00:00,341.21
2011-10-30 16:00:00,311.95
2011-10-30 17:00:00,253.08
2011-10-30 18:00:00,206.44
2011-10-30 19:00:00,275.5
2011-10-30 20:00:00,123.02
2011-10-30 21:00:00,90.99
2011-10-30 22:00:00,63.31
2011-10-30 23:00:00,50.89
2011-10-31 00:00:00,20.14
2011-10-31 01:00:00,14.87
2011-10-31 02:00:00,4.19625
2011-10-31 03:00:00,3.79625
2011-10-31 04:00:00,4.579583333333333
2011-10-31 05:00:00,22.26
2011-10-31 06:00:00,94.09
2011-10-31 07:00:00,280.03
2011-10-31 08:00:00,403.21
2011-10-31 09:00:00,198.47
2011-10-31 10:00:00,123.79
2011-10-31 11:00:00,131.09
2011-10-31 12:00:00,167.36
2011-10-31 13:00:00,166.26
2011-10-31 14:00:00,163.29
2011-10-31 15:00:00,174.71
2011-10-31 16:00:00,269.69
2011-10-31 17:00:00,489.17
2011-10-31 18:00:00,438.6
2011-10-31 19:00:00,286.22
2011-10-31 20:00:00,209.12
2011-10-31 21:00:00,128.44
2011-10-31 22:00:00,98.4
2011-10-31 23:00:00,58.18
2011-11-20 00:00:00,77.63
2011-11-20 01:00:00,65.74
2011-11-20 02:00:00,62.57
2011-11-20 03:00:00,31.1
2011-11-20 04:00:00,7.05
2011-11-20 05:00:00,6.5
2011-11-20 06:00:00,19.11
2011-11-20 07:00:00,51.6
2011-11-20 08:00:00,77.89
2011-11-20 09:00:00,146.7
2011-11-20 10:00:00,245.8
2011-11-20 11:00:00,310.04
2011-11-20 12:00:00,320.94
2011-11-20 13:00:00,353.09
2011-11-20 14:00:00,351.2
2011-11-20 15:00:00,332.98
2011-11-20 16:00:00,335.94
2011-11-20 17:00:00,282.46
2011-11-20 18:00:00,297.87
2011-11-20 19:00:00,219.46
2011-11-20 20:00:00,174.65
2011-11-20 21:00:00,144.07
2011-11-20 22:00:00,78.41
2011-11-20 23:00:00,70.88
2011-11-21 00:00:00,40.4
2011-11-21 01:00:00,10.88
2011-11-21 02:00:00,6.76
2011-11-21 03:00:00,5.04
2011-11-21 04:00:00,5.56
2011-11-21 05:00:00,14.64
2011-11-21 06:00:00,86.99
2011-11-21 07:00:00,254.59
2011-11-21 08:00:00,399.8
2011-11-21 09:00:00,186.77
2011-11-21 10:00:00,112.49
2011-11-21 11:00:00,123.29
2011-11-21 12:00:00,172.71
2011-11-21 13:00:00,168.42
2011-11-21 14:00:00,140.14
2011-11-21 15:00:00,54.75
2011-11-21 16:00:00,109.42
2011-11-21 17:00:00,119.0
2011-11-21 18:00:00,200.44
2011-11-21 19:00:00,145.12
2011-11-21 20:00:00,141.83
2011-11-21 21:00:00,93.0
2011-11-21 22:00:00,61.76
2011-11-21 23:00:00,50.33
2011-11-22 00:00:00,21.28
2011-11-22 01:00:00,10.36
2011-11-22 02:00:00,5.95
2011-11-22 03:00:00,6.14
2011-11-22 04:00:00,6.42
2011-11-22 05:00:00,14.58
2011-11-22 06:00:00,83.25
2011-11-22 07:00:00,109.79
2011-11-22 08:00:00,147.79
2011-11-22 09:00:00,125.84
2011-11-22 10:00:00,83.17
2011-11-22 11:00:00,57.48
2011-11-22 12:00:00,61.02
2011-11-22 13:00:00,56.88
2011-11-22 14:00:00,57.19
2011-11-22 15:00:00,66.76
2011-11-22 16:00:00,129.21
2011-11-22 17:00:00,167.82
2011-11-22 18:00:00,171.26
2011-11-22 19:00:00,191.06
2011-11-22 20:00:00,174.1
2011-11-22 21:00:00,117.13
2011-11-22 22:00:00,113.8
2011-11-22 23:00:00,68.16
2011-11-23 00:00:00,27.29
2011-11-23 01:00:00,12.38
2011-11-23 02:00:00,5.3
2011-11-23 03:00:00,2.82
2011-11-23 04:00:00,4.65
2011-11-23 05:00:00,17.56
2011-11-23 06:00:00,87.86
2011-11-23 07:00:00,260.78
2011-11-23 08:00:00,387.89
2011-11-23 09:00:00,190.95
2011-11-23 10:00:00,84.53
2011-11-23 11:00:00,122.66
2011-11-23 12:00:00,165.04
2011-11-23 13:00:00,160.01
2011-11-23 14:00:00,153.84
2011-11-23 15:00:00,150.84
2011-11-23 16:00:00,223.55
2011-11-23 17:00:00,271.71
2011-11-23 18:00:00,393.02
2011-11-23 19:00:00,249.96
2011-11-23 20:00:00,166.79
2011-11-23 21:00:00,121.74
2011-11-23 22:00:00,89.99
2011-11-23 23:00:00,62.61
2011-11-24 00:00:00,30.76
2011-11-24 01:00:00,25.45
2011-11-24 02:00:00,15.64
2011-11-24 03:00:00,6.6
2011-11-24 04:00:00,5.96
2011-11-24 05:00:00,16.47
2011-11-24 06:00:00,43.4
2011-11-24 07:00:00,106.57
2011-11-24 08:00:00,160.86
2011-11-24 09:00:00,163.38
2011-11-24 10:00:00,217.83
2011-11-24 11:00:00,266.24
2011-11-24 12:00:00,306.23
2011-11-24 13:00:00,308.86
2011-11-24 14:00:00,324.53
2011-11-24 15:00:00,320.51
2011-11-24 16:00:00,309.69
2011-11-24 17:00:00,320.74
2011-11-24 18:00:00,281.82
2011-11-24 19:00:00,226.01
2011-11-24 20:00:00,148.13
2011-11-24 21:00:00,124.61
2011-11-24 22:00:00,100.03
2011-11-24 23:00:00,71.5
2011-11-25 00:00:00,44.3
2011-11-25 01:00:00,21.12
2011-11-25 02:00:00,10.85
2011-11-25 03:00:00,4.178333333333334
2011-11-25 04:00:00,3.862333333333333
2011-11-25 05:00:00,22.64
2011-11-25 06:00:00,81.52
2011-11-25 07:00:00,253.93
2011-11-25 08:00:00,369.88
2011-11-25 09:00:00,227.51
2011-11-25 10:00:00,148.29
2011-11-25 11:00:00,159.14
2011-11-25 12:00:00,206.5
2011-11-25 13:00:00,209.0
2011-11-25 14:00:00,208.33
2011-11-25 15:00:00,212.24
2011-11-25 16:00:00,298.71
2011-11-25 17:00:00,474.37
2011-11-25 18:00:00,446.29
2011-11-25 19:00:00,243.64
2011-11-25 20:00:00,190.3
2011-11-25 21:00:00,131.34
2011-11-25 22:00:00,106.09
2011-11-25 23:00:00,76.59
2011-11-26 00:00:00,73.4
2011-11-26 01:00:00,61.91
2011-11-26 02:00:00,48.91
2011-11-26 03:00:00,23.05
2011-11-26 04:00:00,7.88
2011-11-26 05:00:00,6.86
2011-11-26 06:00:00,17.2
2011-11-26 07:00:00,36.31
2011-11-26 08:00:00,74.44
2011-11-26 09:00:00,138.65
2011-11-26 10:00:00,230.69
2011-11-26 11:00:00,302.73
2011-11-26 12:00:00,329.29
2011-11-26 13:00:00,340.63
2011-11-26 14:00:00,319.84
2011-11-26 15:00:00,339.94
2011-11-26 16:00:00,310.45
2011-11-26 17:00:00,274.45
2011-11-26 18:00:00,239.75
2011-11-26 19:00:00,196.74
2011-11-26 20:00:00,156.84
2011-11-26 21:00:00,121.16
2011-11-26 22:00:00,105.34
2011-11-26 23:00:00,79.64
2011-11-27 00:00:00,79.57
2011-11-27 01:00:00,67.82
2011-11-27 02:00:00,49.74
2011-11-27 03:00:00,31.92
2011-11-27 04:00:00,9.32
2011-11-27 05:00:00,7.08
2011-11-27 06:00:00,17.54
2011-11-27 07:00:00,39.89
2011-11-27 08:00:00,77.42
2011-11-27 09:00:00,150.24
2011-11-27 10:00:00,240.13
2011-11-27 11:00:00,316.46
2011-11-27 12:00:00,364.02
2011-11-27 13:00:00,366.66
2011-11-27 14:00:00,447.13
2011-11-27 15:00:00,438.39
2011-11-27 16:00:00,376.54
2011-11-27 17:00:00,309.75
2011-11-27 18:00:00,240.19
2011-11-27 19:00:00,218.28
2011-11-27 20:00:00,160.42
2011-11-27 21:00:00,133.45
2011-11-27 22:00:00,126.91
2011-11-27 23:00:00,90.43
2011-11-28 00:00:00,55.59
2011-11-28 01:00:00,13.09
2011-11-28 03:00:00,6.41
2011-11-28 04:00:00,7.8566666666666665
2011-11-28 05:00:00,24.06
2011-11-28 06:00:00,99.4
2011-11-28 07:00:00,303.48
2011-11-28 08:00:00,400.02
2011-11-28 09:00:00,189.88
2011-11-28 10:00:00,112.22
2011-11-28 11:00:00,129.38
2011-11-28 12:00:00,195.58
2011-11-28 13:00:00,179.36
2011-11-28 14:00:00,179.76
2011-11-28 15:00:00,181.76
2011-11-28 16:00:00,293.66
2011-11-28 17:00:00,550.05
2011-11-28 18:00:00,521.99
2011-11-28 19:00:00,332.89
2011-11-28 20:00:00,210.92
2011-11-28 21:00:00,176.2
2011-11-28 22:00:00,131.76
2011-11-28 23:00:00,67.31
2011-11-29 00:00:00,29.76
2011-11-29 01:00:00,11.06
2011-11-29 02:00:00,6.01
2011-11-29 03:00:00,4.27
2011-11-29 04:00:00,4.66
2011-11-29 05:00:00,24.11
2011-11-29 06:00:00,107.77
2011-11-29 07:00:00,301.43
2011-11-29 08:00:00,443.86
2011-11-29 09:00:00,212.09
2011-11-29 10:00:00,128.43
2011-11-29 11:00:00,79.78
2011-11-29 12:00:00,83.69
2011-11-29 13:00:00,89.13
2011-11-29 14:00:00,55.5
2011-11-29 15:00:00,65.38
2011-11-29 16:00:00,121.45
2011-11-29 17:00:00,267.83
2011-11-29 18:00:00,324.91
2011-11-29 19:00:00,252.03
2011-11-29 20:00:00,161.25
2011-11-29 21:00:00,134.72
2011-11-29 22:00:00,99.13
2011-11-29 23:00:00,57.35
2011-11-30 00:00:00,24.08
2011-11-30 01:00:00,14.6
2011-11-30 02:00:00,5.22
2011-11-30 03:00:00,3.61
2011-11-30 04:00:00,4.15
2011-11-30 05:00:00,21.34
2011-11-30 06:00:00,90.28
2011-11-30 07:00:00,258.6
2011-11-30 08:00:00,391.7
2011-11-30 09:00:00,201.31
2011-11-30 10:00:00,120.13
2011-11-30 11:00:00,123.55
2011-11-30 12:00:00,134.93
2011-11-30 13:00:00,139.43
2011-11-30 14:00:00,139.4
2011-11-30 15:00:00,138.53
2011-11-30 16:00:00,230.58
2011-11-30 17:00:00,367.11
2011-11-30 18:00:00,359.91
2011-11-30 19:00:00,233.48
2011-11-30 20:00:00,171.3
2011-11-30 21:00:00,122.39
2011-11-30 22:00:00,92.55
2011-11-30 23:00:00,60.41
2011-12-20 00:00:00,23.3
2011-12-20 01:00:00,12.62
2011-12-20 02:00:00,7.05
2011-12-20 03:00:00,4.84
2011-12-20 04:00:00,5.383333333333333
2011-12-20 05:00:00,23.34
2011-12-20 06:00:00,96.24
2011-12-20 07:00:00,275.48
2011-12-20 08:00:00,438.05
2011-12-20 09:00:00,232.67
2011-12-20 10:00:00,134.01
2011-12-20 11:00:00,130.44
2011-12-20 12:00:00,173.05
2011-12-20 13:00:00,168.77
2011-12-20 14:00:00,163.37
2011-12-20 15:00:00,167.46
2011-12-20 16:00:00,250.63
2011-12-20 17:00:00,410.52
2011-12-20 18:00:00,380.76
2011-12-20 19:00:00,264.86
2011-12-20 20:00:00,190.91
2011-12-20 21:00:00,138.24
2011-12-20 22:00:00,103.27
2011-12-20 23:00:00,68.68
2011-12-21 00:00:00,21.91
2011-12-21 01:00:00,14.55
2011-12-21 02:00:00,6.44
2011-12-21 03:00:00,5.45
2011-12-21 04:00:00,5.903333333333333
2011-12-21 05:00:00,22.22
2011-12-21 06:00:00,92.84
2011-12-21 07:00:00,265.04
2011-12-21 08:00:00,147.86
2011-12-21 09:00:00,206.23
2011-12-21 10:00:00,111.64
2011-12-21 11:00:00,112.82
2011-12-21 12:00:00,70.79
2011-12-21 13:00:00,51.61
2011-12-21 14:00:00,120.4
2011-12-21 15:00:00,120.85
2011-12-21 16:00:00,81.35
2011-12-21 17:00:00,126.34
2011-12-21 18:00:00,235.4
2011-12-21 19:00:00,191.41
2011-12-21 20:00:00,155.45
2011-12-21 21:00:00,141.81
2011-12-21 22:00:00,127.82
2011-12-21 23:00:00,80.81
2011-12-22 00:00:00,39.46
2011-12-22 01:00:00,11.65
2011-12-22 02:00:00,12.31
2011-12-22 03:00:00,5.89
2011-12-22 04:00:00,6.830666666666666
2011-12-22 05:00:00,25.59
2011-12-22 06:00:00,95.53
2011-12-22 07:00:00,254.16
2011-12-22 08:00:00,423.99
2011-12-22 09:00:00,211.95
2011-12-22 10:00:00,104.27
2011-12-22 11:00:00,130.66
2011-12-22 12:00:00,170.47
2011-12-22 13:00:00,167.38
2011-12-22 14:00:00,163.37
2011-12-22 15:00:00,167.96
2011-12-22 16:00:00,242.34
2011-12-22 17:00:00,382.41
2011-12-22 18:00:00,382.19
2011-12-22 19:00:00,255.0
2011-12-22 20:00:00,164.61
2011-12-22 21:00:00,104.32
2011-12-22 22:00:00,54.0
2011-12-22 23:00:00,55.89
2011-12-23 00:00:00,45.83
2011-12-23 01:00:00,21.05
2011-12-23 02:00:00,10.24
2011-12-23 03:00:00,6.04
2011-12-23 04:00:00,5.1339999999999995
2011-12-23 05:00:00,23.33
2011-12-23 06:00:00,81.55
2011-12-23 07:00:00,242.37
2011-12-23 08:00:00,411.05
2011-12-23 09:00:00,226.7
2011-12-23 10:00:00,132.06
2011-12-23 11:00:00,151.39
2011-12-23 12:00:00,191.75
2011-12-23 13:00:00,193.34
2011-12-23 14:00:00,191.46
2011-12-23 15:00:00,186.15
2011-12-23 16:00:00,221.45
2011-12-23 17:00:00,346.0
2011-12-23 18:00:00,339.29
2011-12-23 19:00:00,193.9
2011-12-23 20:00:00,148.47
2011-12-23 21:00:00,117.74
2011-12-23 22:00:00,97.25
2011-12-23 23:00:00,75.7
2011-12-24 00:00:00,70.62
2011-12-24 01:00:00,61.11
2011-12-24 02:00:00,54.12
2011-12-24 03:00:00,24.16
2011-12-24 04:00:00,8.28
2011-12-24 05:00:00,7.17
2011-12-24 06:00:00,12.5
2011-12-24 07:00:00,49.36
2011-12-24 08:00:00,74.31
2011-12-24 09:00:00,157.61
2011-12-24 10:00:00,188.22
2011-12-24 11:00:00,214.35
2011-12-24 12:00:00,254.83
2011-12-24 13:00:00,248.74
2011-12-24 14:00:00,244.51
2011-12-24 15:00:00,244.88
2011-12-24 16:00:00,234.75
2011-12-24 17:00:00,169.8
2011-12-24 18:00:00,186.56
2011-12-24 19:00:00,178.68
2011-12-24 20:00:00,107.18
2011-12-24 21:00:00,86.26
2011-12-24 22:00:00,84.18
2011-12-24 23:00:00,64.51
2011-12-25 00:00:00,62.3
2011-12-25 01:00:00,50.34
2011-12-25 02:00:00,48.36
2011-12-25 03:00:00,17.79
2011-12-25 05:00:00,5.62
2011-12-25 06:00:00,10.37
2011-12-25 07:00:00,26.84
2011-12-25 08:00:00,88.18
2011-12-25 09:00:00,109.92
2011-12-25 10:00:00,164.03
2011-12-25 11:00:00,207.25
2011-12-25 12:00:00,209.95
2011-12-25 13:00:00,220.98
2011-12-25 14:00:00,244.4
2011-12-25 15:00:00,255.08
2011-12-25 16:00:00,245.08
2011-12-25 17:00:00,214.87
2011-12-25 18:00:00,183.23
2011-12-25 19:00:00,167.47
2011-12-25 20:00:00,103.57
2011-12-25 21:00:00,73.73
2011-12-25 22:00:00,63.47
2011-12-25 23:00:00,47.51
2011-12-26 00:00:00,25.03
2011-12-26 01:00:00,31.9
2011-12-26 02:00:00,16.21
2011-12-26 04:00:00,6.28
2011-12-26 05:00:00,15.96
2011-12-26 06:00:00,40.46
2011-12-26 07:00:00,126.32
2011-12-26 08:00:00,166.2
2011-12-26 09:00:00,159.49
2011-12-26 10:00:00,180.88
2011-12-26 11:00:00,179.16
2011-12-26 12:00:00,219.34
2011-12-26 13:00:00,243.86
2011-12-26 14:00:00,234.17
2011-12-26 15:00:00,253.74
2011-12-26 16:00:00,234.07
2011-12-26 17:00:00,248.62
2011-12-26 18:00:00,231.3
2011-12-26 19:00:00,208.99
2011-12-26 20:00:00,137.12
2011-12-26 21:00:00,98.61
2011-12-26 22:00:00,78.74
2011-12-26 23:00:00,52.57
2011-12-27 00:00:00,18.87
2011-12-27 01:00:00,13.4
2011-12-27 02:00:00,4.75
2011-12-27 03:00:00,3.22
2011-12-27 04:00:00,3.56
2011-12-27 05:00:00,23.1
2011-12-27 06:00:00,90.96
2011-12-27 07:00:00,238.26
2011-12-27 08:00:00,394.61
2011-12-27 09:00:00,140.17
2011-12-27 10:00:00,113.58
2011-12-27 11:00:00,93.27
2011-12-27 12:00:00,75.66
2011-12-27 13:00:00,54.92
2011-12-27 14:00:00,76.3
2011-12-27 15:00:00,74.85
2011-12-27 16:00:00,129.13
2011-12-27 17:00:00,188.43
2011-12-27 18:00:00,259.64
2011-12-27 19:00:00,204.69
2011-12-27 20:00:00,144.61
2011-12-27 21:00:00,127.92
2011-12-27 22:00:00,101.46
2011-12-27 23:00:00,53.3
2011-12-28 00:00:00,20.74
2011-12-28 01:00:00,13.73
2011-12-28 02:00:00,6.07
2011-12-28 03:00:00,2.6
2011-12-28 05:00:00,21.77
2011-12-28 06:00:00,87.77
2011-12-28 07:00:00,241.27
2011-12-28 08:00:00,396.79
2011-12-28 09:00:00,216.35
2011-12-28 10:00:00,114.53
2011-12-28 11:00:00,117.87
2011-12-28 12:00:00,133.59
2011-12-28 13:00:00,131.53
2011-12-28 14:00:00,129.33
2011-12-28 15:00:00,133.1
2011-12-28 16:00:00,196.13
2011-12-28 17:00:00,312.82
2011-12-28 18:00:00,311.32
2011-12-28 19:00:00,217.36
2011-12-28 20:00:00,157.93
2011-12-28 21:00:00,105.9
2011-12-28 22:00:00,83.58
2011-12-28 23:00:00,58.25
2011-12-29 00:00:00,23.99
2011-12-29 01:00:00,11.45
2011-12-29 02:00:00,7.28
2011-12-29 03:00:00,3.02
2011-12-29 04:00:00,3.285833333333333
2011-12-29 05:00:00,20.6
2011-12-29 06:00:00,82.04
2011-12-29 07:00:00,202.99
2011-12-29 08:00:00,369.82
2011-12-29 09:00:00,244.63
2011-12-29 10:00:00,111.96
2011-12-29 11:00:00,118.09
2011-12-29 12:00:00,136.01
2011-12-29 13:00:00,140.96
2011-12-29 14:00:00,137.01
2011-12-29 15:00:00,134.54
2011-12-29 16:00:00,198.62
2011-12-29 17:00:00,321.91
2011-12-29 18:00:00,317.03
2011-12-29 19:00:00,218.9
2011-12-29 20:00:00,163.4
2011-12-29 21:00:00,127.19
2011-12-29 22:00:00,94.7
2011-12-29 23:00:00,66.66
2011-12-30 00:00:00,36.0
2011-12-30 01:00:00,16.45
2011-12-30 02:00:00,10.98
2011-12-30 03:00:00,4.145
2011-12-30 04:00:00,3.1456666666666666
2011-12-30 05:00:00,20.31
2011-12-30 06:00:00,77.16
2011-12-30 07:00:00,217.31
2011-12-30 08:00:00,356.19
2011-12-30 09:00:00,231.57
2011-12-30 10:00:00,120.37
2011-12-30 11:00:00,144.33
2011-12-30 12:00:00,169.27
2011-12-30 13:00:00,188.31
2011-12-30 14:00:00,187.15
2011-12-30 15:00:00,187.14
2011-12-30 16:00:00,248.06
2011-12-30 17:00:00,359.05
2011-12-30 18:00:00,340.56
2011-12-30 19:00:00,191.76
2011-12-30 20:00:00,156.6
2011-12-30 21:00:00,121.1
2011-12-30 22:00:00,101.26
2011-12-30 23:00:00,76.44
2011-12-31 00:00:00,69.82
2011-12-31 01:00:00,60.17
2011-12-31 02:00:00,54.24
2011-12-31 03:00:00,27.5
2011-12-31 04:00:00,6.28
2011-12-31 05:00:00,5.67
2011-12-31 06:00:00,17.53
2011-12-31 07:00:00,87.45
2011-12-31 08:00:00,75.41
2011-12-31 09:00:00,129.26
2011-12-31 10:00:00,222.29
2011-12-31 11:00:00,262.93
2011-12-31 12:00:00,345.35
2011-12-31 13:00:00,329.91
2011-12-31 14:00:00,300.9
2011-12-31 15:00:00,307.49
2011-12-31 16:00:00,291.01
2011-12-31 17:00:00,254.96
2011-12-31 18:00:00,229.04
2011-12-31 19:00:00,205.51
2011-12-31 20:00:00,148.45
2011-12-31 21:00:00,121.76
2011-12-31 22:00:00,102.95
2011-12-31 23:00:00,78.09
2012-01-20 00:00:00,28.36
2012-01-20 01:00:00,8.52
2012-01-20 02:00:00,9.78
2012-01-20 03:00:00,4.63
2012-01-20 04:00:00,3.24
2012-01-20 05:00:00,19.66
2012-01-20 06:00:00,79.9
2012-01-20 07:00:00,199.61
2012-01-20 08:00:00,432.09
2012-01-20 09:00:00,219.05
2012-01-20 10:00:00,145.85
2012-01-20 11:00:00,147.16
2012-01-20 12:00:00,144.51
2012-01-20 13:00:00,155.17
2012-01-20 14:00:00,152.21
2012-01-20 15:00:00,155.44
2012-01-20 16:00:00,205.27
2012-01-20 17:00:00,279.42
2012-01-20 18:00:00,261.61
2012-01-20 19:00:00,221.95
2012-01-20 20:00:00,169.81
2012-01-20 21:00:00,91.88
2012-01-20 22:00:00,61.51
2012-01-20 23:00:00,61.07
2012-01-21 00:00:00,35.76
2012-01-21 01:00:00,42.82
2012-01-21 02:00:00,34.54
2012-01-21 03:00:00,16.9
2012-01-21 04:00:00,5.82
2012-01-21 05:00:00,5.31
2012-01-21 06:00:00,4.83
2012-01-21 07:00:00,50.7
2012-01-21 08:00:00,101.37
2012-01-21 09:00:00,129.37
2012-01-21 10:00:00,139.23
2012-01-21 11:00:00,178.25
2012-01-21 12:00:00,197.15
2012-01-21 13:00:00,198.84
2012-01-21 14:00:00,167.89
2012-01-21 15:00:00,163.78
2012-01-21 16:00:00,174.82
2012-01-21 17:00:00,153.02
2012-01-21 18:00:00,148.47
2012-01-21 19:00:00,121.49
2012-01-21 20:00:00,104.64
2012-01-21 21:00:00,72.42
2012-01-21 22:00:00,61.91
2012-01-21 23:00:00,56.24
2012-01-22 00:00:00,55.76
2012-01-22 01:00:00,47.95
2012-01-22 02:00:00,47.92
2012-01-22 03:00:00,26.84
2012-01-22 04:00:00,5.0
2012-01-22 05:00:00,4.46
2012-01-22 06:00:00,3.31
2012-01-22 07:00:00,38.05
2012-01-22 08:00:00,64.58
2012-01-22 09:00:00,113.97
2012-01-22 10:00:00,140.76
2012-01-22 11:00:00,141.11
2012-01-22 12:00:00,170.41
2012-01-22 13:00:00,178.08
2012-01-22 14:00:00,172.81
2012-01-22 15:00:00,167.02
2012-01-22 16:00:00,161.9
2012-01-22 17:00:00,139.24
2012-01-22 18:00:00,122.51
2012-01-22 19:00:00,111.04
2012-01-22 20:00:00,94.14
2012-01-22 21:00:00,70.59
2012-01-22 22:00:00,58.98
2012-01-22 23:00:00,45.84
2012-01-23 00:00:00,17.85
2012-01-23 01:00:00,6.46
2012-01-23 02:00:00,3.28
2012-01-23 03:00:00,3.1
2012-01-23 04:00:00,3.51
2012-01-23 05:00:00,21.23
2012-01-23 06:00:00,80.59
2012-01-23 07:00:00,176.1
2012-01-23 08:00:00,259.49
2012-01-23 09:00:00,213.43
2012-01-23 10:00:00,108.27
2012-01-23 11:00:00,103.81
2012-01-23 12:00:00,101.78
2012-01-23 13:00:00,62.42
2012-01-23 14:00:00,65.4
2012-01-23 15:00:00,138.02
2012-01-23 16:00:00,121.31
2012-01-23 17:00:00,175.11
2012-01-23 18:00:00,186.36
2012-01-23 19:00:00,166.25
2012-01-23 20:00:00,135.14
2012-01-23 21:00:00,86.07
2012-01-23 22:00:00,77.23
2012-01-23 23:00:00,48.59
2012-01-24 00:00:00,19.78
2012-01-24 01:00:00,7.8
2012-01-24 02:00:00,5.02
2012-01-24 03:00:00,2.69
2012-01-24 04:00:00,3.02
2012-01-24 05:00:00,20.8
2012-01-24 06:00:00,83.51
2012-01-24 07:00:00,222.69
2012-01-24 08:00:00,427.63
2012-01-24 09:00:00,194.13
2012-01-24 10:00:00,98.2
2012-01-24 11:00:00,97.11
2012-01-24 12:00:00,106.73
2012-01-24 13:00:00,106.04
2012-01-24 14:00:00,120.71
2012-01-24 15:00:00,126.26
2012-01-24 16:00:00,223.35
2012-01-24 17:00:00,415.76
2012-01-24 18:00:00,379.01
2012-01-24 19:00:00,284.04
2012-01-24 20:00:00,174.28
2012-01-24 21:00:00,146.57
2012-01-24 22:00:00,101.55
2012-01-24 23:00:00,62.95
2012-01-25 00:00:00,24.92
2012-01-25 01:00:00,8.19
2012-01-25 02:00:00,5.11
2012-01-25 03:00:00,3.47
2012-01-25 04:00:00,2.91
2012-01-25 05:00:00,18.73
2012-01-25 06:00:00,79.31
2012-01-25 07:00:00,208.77
2012-01-25 08:00:00,449.36
2012-01-25 09:00:00,215.03
2012-01-25 10:00:00,118.29
2012-01-25 11:00:00,110.85
2012-01-25 12:00:00,128.16
2012-01-25 13:00:00,122.71
2012-01-25 14:00:00,120.14
2012-01-25 15:00:00,158.56
2012-01-25 16:00:00,174.51
2012-01-25 17:00:00,321.88
2012-01-25 18:00:00,275.75
2012-01-25 19:00:00,251.35
2012-01-25 20:00:00,174.59
2012-01-25 21:00:00,125.96
2012-01-25 22:00:00,99.72
2012-01-25 23:00:00,60.02
2012-01-26 00:00:00,22.64
2012-01-26 01:00:00,8.64
2012-01-26 02:00:00,5.88
2012-01-26 03:00:00,3.23
2012-01-26 04:00:00,3.44
2012-01-26 05:00:00,20.29
2012-01-26 06:00:00,81.33
2012-01-26 07:00:00,225.35
2012-01-26 08:00:00,471.29
2012-01-26 09:00:00,217.62
2012-01-26 10:00:00,111.31
2012-01-26 11:00:00,110.6
2012-01-26 12:00:00,114.69
2012-01-26 13:00:00,148.66
2012-01-26 14:00:00,139.56
2012-01-26 15:00:00,148.14
2012-01-26 16:00:00,198.46
2012-01-26 17:00:00,364.31
2012-01-26 18:00:00,366.71
2012-01-26 19:00:00,246.99
2012-01-26 20:00:00,190.92
2012-01-26 21:00:00,140.66
2012-01-26 22:00:00,112.45
2012-01-26 23:00:00,91.93
2012-01-27 00:00:00,46.83
2012-01-27 01:00:00,17.87
2012-01-27 02:00:00,9.69
2012-01-27 03:00:00,4.14
2012-01-27 04:00:00,2.9
2012-01-27 05:00:00,22.78
2012-01-27 06:00:00,95.97
2012-01-27 07:00:00,284.69
2012-01-27 08:00:00,399.51
2012-01-27 09:00:00,264.58
2012-01-27 10:00:00,186.97
2012-01-27 11:00:00,220.93
2012-01-27 12:00:00,256.7
2012-01-27 13:00:00,247.77
2012-01-27 14:00:00,249.14
2012-01-27 15:00:00,230.0
2012-01-27 16:00:00,261.24
2012-01-27 17:00:00,412.45
2012-01-27 18:00:00,378.09
2012-01-27 19:00:00,246.67
2012-01-27 20:00:00,173.49
2012-01-27 21:00:00,125.7
2012-01-27 22:00:00,98.55
2012-01-27 23:00:00,71.17
2012-01-28 00:00:00,70.85
2012-01-28 01:00:00,49.38
2012-01-28 02:00:00,43.91
2012-01-28 03:00:00,22.74
2012-01-28 04:00:00,6.23
2012-01-28 05:00:00,3.78
2012-01-28 06:00:00,6.7
2012-01-28 07:00:00,38.58
2012-01-28 08:00:00,95.74
2012-01-28 09:00:00,122.58
2012-01-28 10:00:00,178.12
2012-01-28 11:00:00,208.43
2012-01-28 12:00:00,215.87
2012-01-28 13:00:00,223.87
2012-01-28 14:00:00,295.38
2012-01-28 15:00:00,333.35
2012-01-28 16:00:00,401.63
2012-01-28 17:00:00,323.65
2012-01-28 18:00:00,310.03
2012-01-28 19:00:00,209.43
2012-01-28 20:00:00,169.29
2012-01-28 21:00:00,124.51
2012-01-28 22:00:00,107.95
2012-01-28 23:00:00,83.89
2012-01-29 00:00:00,72.22
2012-01-29 01:00:00,55.87
2012-01-29 02:00:00,50.87
2012-01-29 03:00:00,22.48
2012-01-29 04:00:00,7.68
2012-01-29 05:00:00,7.31
2012-01-29 06:00:00,7.18
2012-01-29 07:00:00,29.93
2012-01-29 08:00:00,60.16
2012-01-29 09:00:00,116.88
2012-01-29 10:00:00,162.56
2012-01-29 11:00:00,203.92
2012-01-29 12:00:00,258.05
2012-01-29 13:00:00,256.23
2012-01-29 14:00:00,252.67
2012-01-29 15:00:00,283.54
2012-01-29 16:00:00,296.59
2012-01-29 17:00:00,293.03
2012-01-29 18:00:00,240.18
2012-01-29 19:00:00,178.48
2012-01-29 20:00:00,110.91
2012-01-29 21:00:00,94.72
2012-01-29 22:00:00,88.62
2012-01-29 23:00:00,63.57
2012-01-30 00:00:00,21.46
2012-01-30 01:00:00,4.27
2012-01-30 02:00:00,9.76
2012-01-30 03:00:00,2.95
2012-01-30 04:00:00,3.3
2012-01-30 05:00:00,17.33
2012-01-30 06:00:00,83.02
2012-01-30 07:00:00,208.86
2012-01-30 08:00:00,381.47
2012-01-30 09:00:00,204.2
2012-01-30 10:00:00,114.11
2012-01-30 11:00:00,108.27
2012-01-30 12:00:00,129.31
2012-01-30 13:00:00,138.07
2012-01-30 14:00:00,136.21
2012-01-30 15:00:00,139.74
2012-01-30 16:00:00,225.89
2012-01-30 17:00:00,392.94
2012-01-30 18:00:00,391.07
2012-01-30 19:00:00,226.94
2012-01-30 20:00:00,180.91
2012-01-30 21:00:00,127.92
2012-01-30 22:00:00,77.31
2012-01-30 23:00:00,49.36
2012-01-31 00:00:00,17.45
2012-01-31 01:00:00,6.69
2012-01-31 02:00:00,3.89
2012-01-31 03:00:00,2.52
2012-01-31 04:00:00,2.94
2012-01-31 05:00:00,17.0
2012-01-31 06:00:00,83.22
2012-01-31 07:00:00,203.86
2012-01-31 08:00:00,460.55
2012-01-31 09:00:00,204.96
2012-01-31 10:00:00,116.31
2012-01-31 11:00:00,123.37
2012-01-31 12:00:00,141.89
2012-01-31 13:00:00,176.78
2012-01-31 14:00:00,188.28
2012-01-31 15:00:00,200.45
2012-01-31 16:00:00,283.55
2012-01-31 17:00:00,504.08
2012-01-31 18:00:00,511.63
2012-01-31 19:00:00,324.35
2012-01-31 20:00:00,198.85
2012-01-31 21:00:00,167.41
2012-01-31 22:00:00,117.24
2012-01-31 23:00:00,79.4
2012-02-20 00:00:00,24.07
2012-02-20 01:00:00,22.19
2012-02-20 02:00:00,18.83
2012-02-20 03:00:00,7.18
2012-02-20 05:00:00,11.57
2012-02-20 06:00:00,14.99
2012-02-20 07:00:00,35.95
2012-02-20 08:00:00,96.86
2012-02-20 09:00:00,137.59
2012-02-20 10:00:00,173.66
2012-02-20 11:00:00,184.43
2012-02-20 12:00:00,214.09
2012-02-20 13:00:00,214.51
2012-02-20 14:00:00,239.41
2012-02-20 15:00:00,239.49
2012-02-20 16:00:00,321.13
2012-02-20 17:00:00,373.23
2012-02-20 18:00:00,286.35
2012-02-20 19:00:00,219.33
2012-02-20 20:00:00,178.96
2012-02-20 21:00:00,115.86
2012-02-20 22:00:00,88.48
2012-02-20 23:00:00,60.59
2012-02-21 00:00:00,20.44
2012-02-21 01:00:00,7.04
2012-02-21 02:00:00,3.32
2012-02-21 04:00:00,2.46
2012-02-21 05:00:00,20.54
2012-02-21 06:00:00,82.49
2012-02-21 07:00:00,261.0
2012-02-21 08:00:00,450.18
2012-02-21 09:00:00,247.02
2012-02-21 10:00:00,113.66
2012-02-21 11:00:00,113.36
2012-02-21 12:00:00,139.82
2012-02-21 13:00:00,144.88
2012-02-21 14:00:00,142.58
2012-02-21 15:00:00,143.07
2012-02-21 16:00:00,219.27
2012-02-21 17:00:00,425.63
2012-02-21 18:00:00,425.06
2012-02-21 19:00:00,273.85
2012-02-21 20:00:00,190.73
2012-02-21 21:00:00,161.29
2012-02-21 22:00:00,104.89
2012-02-21 23:00:00,53.16
2012-02-22 00:00:00,23.44
2012-02-22 01:00:00,8.11
2012-02-22 02:00:00,3.23
2012-02-22 03:00:00,2.53
2012-02-22 04:00:00,2.06
2012-02-22 05:00:00,20.4
2012-02-22 06:00:00,83.41
2012-02-22 07:00:00,283.18
2012-02-22 08:00:00,504.39
2012-02-22 09:00:00,244.37
2012-02-22 10:00:00,113.12
2012-02-22 11:00:00,128.67
2012-02-22 12:00:00,154.02
2012-02-22 13:00:00,165.66
2012-02-22 14:00:00,170.07
2012-02-22 15:00:00,196.39
2012-02-22 16:00:00,283.92
2012-02-22 17:00:00,511.79
2012-02-22 18:00:00,455.82
2012-02-22 19:00:00,307.63
2012-02-22 20:00:00,216.21
2012-02-22 21:00:00,170.07
2012-02-22 22:00:00,122.62
2012-02-22 23:00:00,81.58
2012-02-23 00:00:00,33.85
2012-02-23 01:00:00,8.79
2012-02-23 02:00:00,9.6
2012-02-23 03:00:00,4.18
2012-02-23 04:00:00,2.87
2012-02-23 05:00:00,20.56
2012-02-23 06:00:00,83.2
2012-02-23 07:00:00,277.99
2012-02-23 08:00:00,476.16
2012-02-23 09:00:00,236.44
2012-02-23 10:00:00,158.94
2012-02-23 11:00:00,183.33
2012-02-23 12:00:00,204.82
2012-02-23 13:00:00,193.51
2012-02-23 14:00:00,199.67
2012-02-23 15:00:00,213.9
2012-02-23 16:00:00,295.52
2012-02-23 17:00:00,531.21
2012-02-23 18:00:00,516.62
2012-02-23 19:00:00,335.43
2012-02-23 20:00:00,238.6
2012-02-23 21:00:00,161.8
2012-02-23 22:00:00,119.79
2012-02-23 23:00:00,102.49
2012-02-24 00:00:00,51.06
2012-02-24 01:00:00,21.18
2012-02-24 02:00:00,9.71
2012-02-24 03:00:00,5.52
2012-02-24 04:00:00,3.24
2012-02-24 05:00:00,21.43
2012-02-24 06:00:00,83.18
2012-02-24 07:00:00,313.36
2012-02-24 08:00:00,427.29
2012-02-24 09:00:00,204.87
2012-02-24 10:00:00,130.71
2012-02-24 11:00:00,177.29
2012-02-24 12:00:00,165.4
2012-02-24 13:00:00,176.36
2012-02-24 14:00:00,200.57
2012-02-24 15:00:00,160.26
2012-02-24 16:00:00,184.16
2012-02-24 17:00:00,333.19
2012-02-24 18:00:00,355.31
2012-02-24 19:00:00,255.39
2012-02-24 20:00:00,187.6
2012-02-24 21:00:00,144.43
2012-02-24 22:00:00,118.31
2012-02-24 23:00:00,90.2
2012-02-25 00:00:00,78.26
2012-02-25 01:00:00,57.6
2012-02-25 02:00:00,45.56
2012-02-25 03:00:00,19.22
2012-02-25 04:00:00,6.15
2012-02-25 05:00:00,5.81
2012-02-25 06:00:00,10.21
2012-02-25 07:00:00,44.3
2012-02-25 08:00:00,73.16
2012-02-25 09:00:00,118.35
2012-02-25 10:00:00,184.27
2012-02-25 11:00:00,195.87
2012-02-25 12:00:00,231.89
2012-02-25 13:00:00,279.71
2012-02-25 14:00:00,228.54
2012-02-25 15:00:00,269.75
2012-02-25 16:00:00,225.04
2012-02-25 17:00:00,179.34
2012-02-25 18:00:00,171.51
2012-02-25 19:00:00,132.68
2012-02-25 20:00:00,119.14
2012-02-25 21:00:00,83.45
2012-02-25 22:00:00,71.87
2012-02-25 23:00:00,59.31
2012-02-26 00:00:00,63.87
2012-02-26 01:00:00,53.6
2012-02-26 02:00:00,51.32
2012-02-26 03:00:00,28.74
2012-02-26 04:00:00,5.08
2012-02-26 05:00:00,4.97
2012-02-26 06:00:00,7.06
2012-02-26 07:00:00,20.97
2012-02-26 08:00:00,51.3
2012-02-26 09:00:00,120.3
2012-02-26 10:00:00,187.17
2012-02-26 11:00:00,203.45
2012-02-26 12:00:00,254.73
2012-02-26 13:00:00,285.29
2012-02-26 14:00:00,305.47
2012-02-26 15:00:00,324.28
2012-02-26 16:00:00,322.87
2012-02-26 17:00:00,310.34
2012-02-26 18:00:00,233.83
2012-02-26 19:00:00,193.95
2012-02-26 20:00:00,129.01
2012-02-26 21:00:00,100.9
2012-02-26 22:00:00,85.21
2012-02-26 23:00:00,51.59
2012-02-27 00:00:00,16.61
2012-02-27 01:00:00,6.03
2012-02-27 02:00:00,9.49
2012-02-27 03:00:00,2.35
2012-02-27 04:00:00,2.08
2012-02-27 05:00:00,19.17
2012-02-27 06:00:00,85.99
2012-02-27 07:00:00,244.8
2012-02-27 08:00:00,458.77
2012-02-27 09:00:00,231.31
2012-02-27 10:00:00,129.89
2012-02-27 11:00:00,149.91
2012-02-27 12:00:00,158.0
2012-02-27 13:00:00,169.11
2012-02-27 14:00:00,180.57
2012-02-27 15:00:00,201.79
2012-02-27 16:00:00,285.45
2012-02-27 17:00:00,514.97
2012-02-27 18:00:00,507.98
2012-02-27 19:00:00,329.11
2012-02-27 20:00:00,237.17
2012-02-27 21:00:00,170.04
2012-02-27 22:00:00,117.45
2012-02-27 23:00:00,78.39
2012-02-28 00:00:00,34.0
2012-02-28 01:00:00,10.32
2012-02-28 02:00:00,8.28
2012-02-28 03:00:00,3.38
2012-02-28 04:00:00,2.32
2012-02-28 05:00:00,18.34
2012-02-28 06:00:00,89.77
2012-02-28 07:00:00,260.19
2012-02-28 08:00:00,428.91
2012-02-28 09:00:00,237.3
2012-02-28 10:00:00,127.65
2012-02-28 11:00:00,136.42
2012-02-28 12:00:00,150.15
2012-02-28 13:00:00,159.18
2012-02-28 14:00:00,156.9
2012-02-28 15:00:00,167.82
2012-02-28 16:00:00,267.5
2012-02-28 17:00:00,480.19
2012-02-28 18:00:00,493.39
2012-02-28 19:00:00,279.98
2012-02-28 20:00:00,206.38
2012-02-28 21:00:00,153.18
2012-02-28 22:00:00,115.89
2012-02-28 23:00:00,56.22
2012-02-29 00:00:00,23.43
2012-02-29 01:00:00,8.05
2012-02-29 02:00:00,4.96
2012-02-29 03:00:00,1.88
2012-02-29 05:00:00,20.86
2012-02-29 06:00:00,83.28
2012-02-29 07:00:00,262.12
2012-02-29 08:00:00,489.72
2012-02-29 09:00:00,175.83
2012-02-29 10:00:00,73.27
2012-02-29 11:00:00,78.74
2012-02-29 12:00:00,80.02
2012-02-29 13:00:00,122.91
2012-02-29 14:00:00,122.76
2012-02-29 15:00:00,137.18
2012-02-29 16:00:00,169.1
2012-02-29 17:00:00,347.87
2012-02-29 18:00:00,339.71
2012-02-29 19:00:00,273.88
2012-02-29 20:00:00,201.89
2012-02-29 21:00:00,122.49
2012-02-29 22:00:00,93.3
2012-02-29 23:00:00,74.15
2012-03-20 00:00:00,31.35
2012-03-20 01:00:00,18.84
2012-03-20 02:00:00,5.59
2012-03-20 03:00:00,4.08
2012-03-20 04:00:00,4.07
2012-03-20 05:00:00,26.63
2012-03-20 06:00:00,119.9
2012-03-20 07:00:00,212.23
2012-03-20 08:00:00,517.01
2012-03-20 09:00:00,319.75
2012-03-20 10:00:00,150.79
2012-03-20 11:00:00,146.61
2012-03-20 12:00:00,209.56
2012-03-20 13:00:00,208.97
2012-03-20 14:00:00,211.03
2012-03-20 15:00:00,252.35
2012-03-20 16:00:00,310.1
2012-03-20 17:00:00,630.99
2012-03-20 18:00:00,638.95
2012-03-20 19:00:00,437.96
2012-03-20 20:00:00,314.78
2012-03-20 21:00:00,223.69
2012-03-20 22:00:00,158.24
2012-03-20 23:00:00,104.03
2012-03-21 00:00:00,45.04
2012-03-21 01:00:00,18.52
2012-03-21 02:00:00,5.63
2012-03-21 03:00:00,3.96
2012-03-21 04:00:00,4.36
2012-03-21 05:00:00,25.63
2012-03-21 06:00:00,120.04
2012-03-21 07:00:00,269.61
2012-03-21 08:00:00,385.07
2012-03-21 09:00:00,321.82
2012-03-21 10:00:00,156.67
2012-03-21 11:00:00,146.66
2012-03-21 12:00:00,229.56
2012-03-21 13:00:00,219.49
2012-03-21 14:00:00,224.0
2012-03-21 15:00:00,220.7
2012-03-21 16:00:00,305.99
2012-03-21 17:00:00,673.01
2012-03-21 18:00:00,669.39
2012-03-21 19:00:00,513.91
2012-03-21 20:00:00,321.42
2012-03-21 21:00:00,229.68
2012-03-21 22:00:00,175.77
2012-03-21 23:00:00,118.37
2012-03-22 00:00:00,53.8
2012-03-22 01:00:00,19.2
2012-03-22 02:00:00,9.3
2012-03-22 03:00:00,6.65
2012-03-22 04:00:00,5.49
2012-03-22 05:00:00,26.39
2012-03-22 06:00:00,121.3
2012-03-22 07:00:00,325.49
2012-03-22 08:00:00,540.69
2012-03-22 09:00:00,311.05
2012-03-22 10:00:00,169.29
2012-03-22 11:00:00,151.07
2012-03-22 12:00:00,205.41
2012-03-22 13:00:00,235.88
2012-03-22 14:00:00,222.71
2012-03-22 15:00:00,251.65
2012-03-22 16:00:00,355.66
2012-03-22 17:00:00,712.64
2012-03-22 18:00:00,729.06
2012-03-22 19:00:00,504.37
2012-03-22 20:00:00,359.75
2012-03-22 21:00:00,225.09
2012-03-22 22:00:00,197.1
2012-03-22 23:00:00,137.01
2012-03-23 00:00:00,70.21
2012-03-23 01:00:00,26.16
2012-03-23 02:00:00,10.31
2012-03-23 03:00:00,7.42
2012-03-23 04:00:00,6.87
2012-03-23 05:00:00,27.37
2012-03-23 06:00:00,117.57
2012-03-23 07:00:00,317.94
2012-03-23 08:00:00,517.52
2012-03-23 09:00:00,317.65
2012-03-23 10:00:00,219.58
2012-03-23 11:00:00,247.09
2012-03-23 12:00:00,325.44
2012-03-23 13:00:00,363.37
2012-03-23 14:00:00,371.22
2012-03-23 15:00:00,375.55
2012-03-23 16:00:00,446.38
2012-03-23 17:00:00,742.96
2012-03-23 18:00:00,729.37
2012-03-23 19:00:00,470.64
2012-03-23 20:00:00,355.75
2012-03-23 21:00:00,257.67
2012-03-23 22:00:00,236.56
2012-03-23 23:00:00,186.93
2012-03-24 00:00:00,115.46
2012-03-24 01:00:00,87.82
2012-03-24 02:00:00,63.3
2012-03-24 03:00:00,27.98
2012-03-24 04:00:00,14.99
2012-03-24 05:00:00,14.44
2012-03-24 06:00:00,32.54
2012-03-24 07:00:00,103.45
2012-03-24 08:00:00,218.52
2012-03-24 09:00:00,309.25
2012-03-24 10:00:00,358.23
2012-03-24 11:00:00,476.09
2012-03-24 12:00:00,369.01
2012-03-24 13:00:00,367.78
2012-03-24 14:00:00,361.97
2012-03-24 15:00:00,400.47
2012-03-24 16:00:00,405.89
2012-03-24 17:00:00,269.21
2012-03-24 18:00:00,269.78
2012-03-24 19:00:00,200.04
2012-03-24 20:00:00,168.1
2012-03-24 21:00:00,141.4
2012-03-24 22:00:00,128.15
2012-03-24 23:00:00,132.15
2012-03-25 00:00:00,84.12
2012-03-25 01:00:00,74.02
2012-03-25 02:00:00,58.95
2012-03-25 03:00:00,22.78
2012-03-25 04:00:00,8.52
2012-03-25 05:00:00,9.1
2012-03-25 06:00:00,15.71
2012-03-25 07:00:00,70.96
2012-03-25 08:00:00,132.39
2012-03-25 09:00:00,214.52
2012-03-25 10:00:00,261.8
2012-03-25 11:00:00,336.68
2012-03-25 12:00:00,335.15
2012-03-25 13:00:00,346.11
2012-03-25 14:00:00,350.79
2012-03-25 15:00:00,347.59
2012-03-25 16:00:00,428.17
2012-03-25 17:00:00,386.61
2012-03-25 18:00:00,356.73
2012-03-25 19:00:00,289.24
2012-03-25 20:00:00,224.98
2012-03-25 21:00:00,167.25
2012-03-25 22:00:00,116.65
2012-03-25 23:00:00,86.51
2012-03-26 00:00:00,33.26
2012-03-26 01:00:00,12.89
2012-03-26 02:00:00,7.57
2012-03-26 03:00:00,3.95
2012-03-26 04:00:00,6.12
2012-03-26 05:00:00,25.65
2012-03-26 06:00:00,113.81
2012-03-26 07:00:00,371.65
2012-03-26 08:00:00,596.13
2012-03-26 09:00:00,310.79
2012-03-26 10:00:00,187.62
2012-03-26 11:00:00,217.15
2012-03-26 12:00:00,236.79
2012-03-26 13:00:00,235.81
2012-03-26 14:00:00,233.18
2012-03-26 15:00:00,241.06
2012-03-26 16:00:00,334.37
2012-03-26 17:00:00,595.22
2012-03-26 18:00:00,523.33
2012-03-26 19:00:00,322.47
2012-03-26 20:00:00,237.9
2012-03-26 21:00:00,173.39
2012-03-26 22:00:00,119.58
2012-03-26 23:00:00,70.32
2012-03-27 00:00:00,22.62
2012-03-27 01:00:00,6.76
2012-03-27 02:00:00,11.1
2012-03-27 03:00:00,2.98
2012-03-27 04:00:00,2.62
2012-03-27 05:00:00,22.85
2012-03-27 06:00:00,97.26
2012-03-27 07:00:00,302.69
2012-03-27 08:00:00,501.96
2012-03-27 09:00:00,286.18
2012-03-27 10:00:00,161.53
2012-03-27 11:00:00,162.7
2012-03-27 12:00:00,196.01
2012-03-27 13:00:00,195.76
2012-03-27 14:00:00,192.67
2012-03-27 15:00:00,210.82
2012-03-27 16:00:00,305.07
2012-03-27 17:00:00,543.56
2012-03-27 18:00:00,499.94
2012-03-27 19:00:00,320.57
2012-03-27 20:00:00,276.01
2012-03-27 21:00:00,172.1
2012-03-27 22:00:00,124.43
2012-03-27 23:00:00,81.84
2012-03-28 00:00:00,26.99
2012-03-28 01:00:00,9.87
2012-03-28 02:00:00,7.48
2012-03-28 03:00:00,3.12
2012-03-28 04:00:00,2.35
2012-03-28 05:00:00,24.69
2012-03-28 06:00:00,100.3
2012-03-28 07:00:00,322.0
2012-03-28 08:00:00,565.57
2012-03-28 09:00:00,327.64
2012-03-28 10:00:00,179.45
2012-03-28 11:00:00,210.81
2012-03-28 12:00:00,251.05
2012-03-28 13:00:00,243.4
2012-03-28 14:00:00,244.93
2012-03-28 15:00:00,253.55
2012-03-28 16:00:00,354.34
2012-03-28 17:00:00,734.0
2012-03-28 18:00:00,742.71
2012-03-28 19:00:00,510.22
2012-03-28 20:00:00,390.65
2012-03-28 21:00:00,248.74
2012-03-28 22:00:00,189.94
2012-03-28 23:00:00,120.72
2012-03-29 00:00:00,48.55
2012-03-29 01:00:00,20.11
2012-03-29 02:00:00,12.66
2012-03-29 03:00:00,6.06
2012-03-29 04:00:00,6.98
2012-03-29 05:00:00,28.61
2012-03-29 06:00:00,119.43
2012-03-29 07:00:00,362.14
2012-03-29 08:00:00,587.01
2012-03-29 09:00:00,333.37
2012-03-29 10:00:00,178.03
2012-03-29 11:00:00,210.09
2012-03-29 12:00:00,237.91
2012-03-29 13:00:00,232.89
2012-03-29 14:00:00,230.7
2012-03-29 15:00:00,235.56
2012-03-29 16:00:00,340.67
2012-03-29 17:00:00,666.0
2012-03-29 18:00:00,657.63
2012-03-29 19:00:00,421.08
2012-03-29 20:00:00,289.14
2012-03-29 21:00:00,192.09
2012-03-29 22:00:00,145.54
2012-03-29 23:00:00,110.11
2012-03-30 00:00:00,50.31
2012-03-30 01:00:00,24.3
2012-03-30 02:00:00,10.99
2012-03-30 03:00:00,3.19
2012-03-30 04:00:00,3.37
2012-03-30 05:00:00,22.68
2012-03-30 06:00:00,88.08
2012-03-30 07:00:00,294.88
2012-03-30 08:00:00,559.72
2012-03-30 09:00:00,314.82
2012-03-30 10:00:00,167.1
2012-03-30 11:00:00,191.48
2012-03-30 12:00:00,223.53
2012-03-30 13:00:00,175.8
2012-03-30 14:00:00,154.36
2012-03-30 15:00:00,165.31
2012-03-30 16:00:00,217.21
2012-03-30 17:00:00,448.49
2012-03-30 18:00:00,486.35
2012-03-30 19:00:00,305.15
2012-03-30 20:00:00,232.71
2012-03-30 21:00:00,173.87
2012-03-30 22:00:00,130.77
2012-03-30 23:00:00,122.62
2012-03-31 00:00:00,87.2
2012-03-31 01:00:00,65.1
2012-03-31 02:00:00,57.45
2012-03-31 03:00:00,23.47
2012-03-31 04:00:00,9.74
2012-03-31 05:00:00,9.35
2012-03-31 06:00:00,18.49
2012-03-31 07:00:00,64.47
2012-03-31 08:00:00,130.8
2012-03-31 09:00:00,260.21
2012-03-31 10:00:00,295.27
2012-03-31 11:00:00,472.27
2012-03-31 12:00:00,503.23
2012-03-31 13:00:00,556.64
2012-03-31 14:00:00,520.38
2012-03-31 15:00:00,531.55
2012-03-31 16:00:00,491.58
2012-03-31 17:00:00,410.12
2012-03-31 18:00:00,334.54
2012-03-31 19:00:00,255.16
2012-03-31 20:00:00,192.71
2012-03-31 21:00:00,160.19
2012-03-31 22:00:00,139.88
2012-03-31 23:00:00,99.58
2012-04-20 00:00:00,64.24
2012-04-20 01:00:00,26.89
2012-04-20 02:00:00,10.5
2012-04-20 03:00:00,7.7
2012-04-20 04:00:00,5.53
2012-04-20 05:00:00,27.14
2012-04-20 06:00:00,110.14
2012-04-20 07:00:00,320.82
2012-04-20 08:00:00,582.49
2012-04-20 09:00:00,309.56
2012-04-20 10:00:00,211.53
2012-04-20 11:00:00,257.84
2012-04-20 12:00:00,343.62
2012-04-20 13:00:00,381.03
2012-04-20 14:00:00,381.46
2012-04-20 15:00:00,401.82
2012-04-20 16:00:00,474.6
2012-04-20 17:00:00,719.66
2012-04-20 18:00:00,690.16
2012-04-20 19:00:00,486.19
2012-04-20 20:00:00,326.32
2012-04-20 21:00:00,235.73
2012-04-20 22:00:00,218.39
2012-04-20 23:00:00,169.63
2012-04-21 00:00:00,111.4
2012-04-21 01:00:00,88.86
2012-04-21 02:00:00,66.85
2012-04-21 03:00:00,27.28
2012-04-21 04:00:00,11.42
2012-04-21 05:00:00,12.16
2012-04-21 06:00:00,37.94
2012-04-21 07:00:00,80.98
2012-04-21 08:00:00,192.68
2012-04-21 09:00:00,314.69
2012-04-21 10:00:00,460.43
2012-04-21 11:00:00,510.59
2012-04-21 12:00:00,588.18
2012-04-21 13:00:00,605.41
2012-04-21 14:00:00,612.14
2012-04-21 15:00:00,622.42
2012-04-21 16:00:00,604.85
2012-04-21 17:00:00,564.04
2012-04-21 18:00:00,490.69
2012-04-21 19:00:00,334.97
2012-04-21 20:00:00,128.74
2012-04-21 21:00:00,121.96
2012-04-21 22:00:00,174.86
2012-04-21 23:00:00,141.99
2012-04-22 00:00:00,102.39
2012-04-22 01:00:00,91.43
2012-04-22 02:00:00,74.86
2012-04-22 03:00:00,28.29
2012-04-22 04:00:00,12.08
2012-04-22 05:00:00,10.95
2012-04-22 06:00:00,24.39
2012-04-22 07:00:00,76.01
2012-04-22 08:00:00,98.29
2012-04-22 09:00:00,147.65
2012-04-22 10:00:00,198.27
2012-04-22 11:00:00,237.23
2012-04-22 12:00:00,242.69
2012-04-22 13:00:00,263.77
2012-04-22 14:00:00,238.35
2012-04-22 15:00:00,259.74
2012-04-22 16:00:00,255.64
2012-04-22 17:00:00,202.81
2012-04-22 18:00:00,171.65
2012-04-22 19:00:00,150.51
2012-04-22 20:00:00,126.04
2012-04-22 21:00:00,106.63
2012-04-22 22:00:00,79.41
2012-04-22 23:00:00,65.99
2012-04-23 00:00:00,21.01
2012-04-23 01:00:00,8.45
2012-04-23 02:00:00,11.26
2012-04-23 03:00:00,2.55
2012-04-23 04:00:00,2.73
2012-04-23 05:00:00,22.88
2012-04-23 06:00:00,99.88
2012-04-23 07:00:00,202.77
2012-04-23 08:00:00,536.69
2012-04-23 09:00:00,291.99
2012-04-23 10:00:00,154.68
2012-04-23 11:00:00,154.77
2012-04-23 12:00:00,141.2
2012-04-23 13:00:00,157.12
2012-04-23 14:00:00,160.98
2012-04-23 15:00:00,163.23
2012-04-23 16:00:00,261.47
2012-04-23 17:00:00,414.75
2012-04-23 18:00:00,419.54
2012-04-23 19:00:00,373.4
2012-04-23 20:00:00,254.07
2012-04-23 21:00:00,153.64
2012-04-23 22:00:00,121.25
2012-04-23 23:00:00,77.12
2012-04-24 00:00:00,22.94
2012-04-24 01:00:00,9.99
2012-04-24 02:00:00,4.41
2012-04-24 03:00:00,2.17
2012-04-24 04:00:00,1.97
2012-04-24 05:00:00,23.39
2012-04-24 06:00:00,100.14
2012-04-24 07:00:00,323.1
2012-04-24 08:00:00,601.26
2012-04-24 09:00:00,328.86
2012-04-24 10:00:00,179.64
2012-04-24 11:00:00,234.14
2012-04-24 12:00:00,254.19
2012-04-24 13:00:00,250.86
2012-04-24 14:00:00,249.0
2012-04-24 15:00:00,271.71
2012-04-24 16:00:00,397.43
2012-04-24 17:00:00,686.97
2012-04-24 18:00:00,692.23
2012-04-24 19:00:00,494.36
2012-04-24 20:00:00,308.05
2012-04-24 21:00:00,213.11
2012-04-24 22:00:00,166.15
2012-04-24 23:00:00,113.75
2012-04-25 00:00:00,40.7
2012-04-25 01:00:00,10.67
2012-04-25 02:00:00,5.23
2012-04-25 03:00:00,2.18
2012-04-25 04:00:00,1.48
2012-04-25 05:00:00,25.78
2012-04-25 06:00:00,99.92
2012-04-25 07:00:00,363.34
2012-04-25 08:00:00,597.91
2012-04-25 09:00:00,345.5
2012-04-25 10:00:00,200.74
2012-04-25 11:00:00,234.76
2012-04-25 12:00:00,266.7
2012-04-25 13:00:00,263.78
2012-04-25 14:00:00,266.93
2012-04-25 15:00:00,301.4
2012-04-25 16:00:00,385.94
2012-04-25 17:00:00,733.63
2012-04-25 18:00:00,731.57
2012-04-25 19:00:00,525.65
2012-04-25 20:00:00,357.26
2012-04-25 21:00:00,251.11
2012-04-25 22:00:00,190.4
2012-04-25 23:00:00,115.53
2012-04-26 00:00:00,46.21
2012-04-26 01:00:00,13.56
2012-04-26 02:00:00,10.54
2012-04-26 03:00:00,5.61
2012-04-26 04:00:00,6.22
2012-04-26 05:00:00,24.93
2012-04-26 06:00:00,119.7
2012-04-26 07:00:00,302.25
2012-04-26 08:00:00,471.0
2012-04-26 09:00:00,205.74
2012-04-26 10:00:00,156.81
2012-04-26 11:00:00,138.67
2012-04-26 12:00:00,222.84
2012-04-26 13:00:00,215.17
2012-04-26 14:00:00,214.46
2012-04-26 15:00:00,212.4
2012-04-26 16:00:00,317.06
2012-04-26 17:00:00,533.62
2012-04-26 18:00:00,521.98
2012-04-26 19:00:00,453.97
2012-04-26 20:00:00,318.67
2012-04-26 21:00:00,227.33
2012-04-26 22:00:00,198.58
2012-04-26 23:00:00,134.55
2012-04-27 00:00:00,64.68
2012-04-27 01:00:00,28.0
2012-04-27 02:00:00,14.48
2012-04-27 03:00:00,7.08
2012-04-27 04:00:00,4.88
2012-04-27 05:00:00,27.56
2012-04-27 06:00:00,96.56
2012-04-27 07:00:00,318.15
2012-04-27 08:00:00,624.87
2012-04-27 09:00:00,355.99
2012-04-27 10:00:00,214.01
2012-04-27 11:00:00,244.43
2012-04-27 12:00:00,341.67
2012-04-27 13:00:00,363.26
2012-04-27 14:00:00,364.37
2012-04-27 15:00:00,451.06
2012-04-27 16:00:00,443.06
2012-04-27 17:00:00,664.93
2012-04-27 18:00:00,626.5
2012-04-27 19:00:00,460.62
2012-04-27 20:00:00,268.16
2012-04-27 21:00:00,186.67
2012-04-27 22:00:00,157.08
2012-04-27 23:00:00,125.19
2012-04-28 00:00:00,89.13
2012-04-28 01:00:00,66.45
2012-04-28 02:00:00,61.64
2012-04-28 03:00:00,25.73
2012-04-28 04:00:00,10.92
2012-04-28 05:00:00,10.89
2012-04-28 06:00:00,31.61
2012-04-28 07:00:00,69.83
2012-04-28 08:00:00,139.95
2012-04-28 09:00:00,260.39
2012-04-28 10:00:00,307.35
2012-04-28 11:00:00,436.63
2012-04-28 12:00:00,448.72
2012-04-28 13:00:00,510.19
2012-04-28 14:00:00,520.99
2012-04-28 15:00:00,472.63
2012-04-28 16:00:00,484.7
2012-04-28 17:00:00,396.96
2012-04-28 18:00:00,324.34
2012-04-28 19:00:00,264.5
2012-04-28 20:00:00,233.56
2012-04-28 21:00:00,158.22
2012-04-28 22:00:00,143.55
2012-04-28 23:00:00,138.58
2012-04-29 00:00:00,52.48
2012-04-29 01:00:00,75.31
2012-04-29 02:00:00,69.58
2012-04-29 03:00:00,25.09
2012-04-29 04:00:00,10.87
2012-04-29 05:00:00,10.2
2012-04-29 06:00:00,18.05
2012-04-29 07:00:00,46.32
2012-04-29 08:00:00,113.2
2012-04-29 09:00:00,260.44
2012-04-29 10:00:00,356.06
2012-04-29 11:00:00,497.04
2012-04-29 12:00:00,575.37
2012-04-29 13:00:00,586.41
2012-04-29 14:00:00,602.99
2012-04-29 15:00:00,635.68
2012-04-29 16:00:00,565.62
2012-04-29 17:00:00,439.69
2012-04-29 18:00:00,394.65
2012-04-29 19:00:00,386.64
2012-04-29 20:00:00,273.48
2012-04-29 21:00:00,162.78
2012-04-29 22:00:00,125.04
2012-04-29 23:00:00,95.71
2012-04-30 00:00:00,56.92
2012-04-30 01:00:00,10.5
2012-04-30 02:00:00,6.63
2012-04-30 03:00:00,3.92
2012-04-30 04:00:00,2.49
2012-04-30 05:00:00,26.16
2012-04-30 06:00:00,106.7
2012-04-30 07:00:00,336.82
2012-04-30 08:00:00,591.88
2012-04-30 09:00:00,314.14
2012-04-30 10:00:00,190.31
2012-04-30 11:00:00,210.37
2012-04-30 12:00:00,213.58
2012-04-30 13:00:00,244.9
2012-04-30 14:00:00,235.33
2012-04-30 15:00:00,244.79
2012-04-30 16:00:00,372.89
2012-04-30 17:00:00,731.96
2012-04-30 18:00:00,725.84
2012-04-30 19:00:00,508.38
2012-04-30 20:00:00,292.72
2012-04-30 21:00:00,216.78
2012-04-30 22:00:00,155.31
2012-04-30 23:00:00,86.9
2012-05-20 00:00:00,147.82
2012-05-20 01:00:00,103.38
2012-05-20 02:00:00,66.74
2012-05-20 03:00:00,37.15
2012-05-20 04:00:00,16.8
2012-05-20 05:00:00,13.46
2012-05-20 06:00:00,28.41
2012-05-20 07:00:00,56.24
2012-05-20 08:00:00,141.02
2012-05-20 09:00:00,248.91
2012-05-20 10:00:00,465.13
2012-05-20 11:00:00,555.08
2012-05-20 12:00:00,661.01
2012-05-20 13:00:00,666.57
2012-05-20 14:00:00,606.08
2012-05-20 15:00:00,622.66
2012-05-20 16:00:00,588.34
2012-05-20 17:00:00,479.27
2012-05-20 18:00:00,443.42
2012-05-20 19:00:00,345.83
2012-05-20 20:00:00,289.65
2012-05-20 21:00:00,210.98
2012-05-20 22:00:00,135.76
2012-05-20 23:00:00,87.37
2012-05-21 00:00:00,30.67
2012-05-21 01:00:00,18.3
2012-05-21 02:00:00,6.57
2012-05-21 03:00:00,3.83
2012-05-21 04:00:00,3.99
2012-05-21 05:00:00,29.71
2012-05-21 06:00:00,79.89
2012-05-21 07:00:00,185.01
2012-05-21 08:00:00,334.02
2012-05-21 09:00:00,161.03
2012-05-21 10:00:00,88.56
2012-05-21 11:00:00,119.69
2012-05-21 12:00:00,182.26
2012-05-21 13:00:00,112.41
2012-05-21 14:00:00,108.7
2012-05-21 15:00:00,207.48
2012-05-21 16:00:00,304.86
2012-05-21 17:00:00,681.2
2012-05-21 18:00:00,685.52
2012-05-21 19:00:00,500.02
2012-05-21 20:00:00,356.35
2012-05-21 21:00:00,246.81
2012-05-21 22:00:00,156.1
2012-05-21 23:00:00,83.72
2012-05-22 00:00:00,41.9
2012-05-22 01:00:00,17.45
2012-05-22 02:00:00,7.0
2012-05-22 03:00:00,5.95
2012-05-22 04:00:00,4.47
2012-05-22 05:00:00,29.57
2012-05-22 06:00:00,88.76
2012-05-22 07:00:00,183.13
2012-05-22 08:00:00,550.77
2012-05-22 09:00:00,328.45
2012-05-22 10:00:00,180.96
2012-05-22 11:00:00,209.74
2012-05-22 12:00:00,191.48
2012-05-22 13:00:00,250.09
2012-05-22 14:00:00,197.61
2012-05-22 15:00:00,260.84
2012-05-22 16:00:00,357.99
2012-05-22 17:00:00,726.45
2012-05-22 18:00:00,720.48
2012-05-22 19:00:00,497.67
2012-05-22 20:00:00,373.51
2012-05-22 21:00:00,226.31
2012-05-22 22:00:00,172.33
2012-05-22 23:00:00,100.51
2012-05-23 00:00:00,49.66
2012-05-23 01:00:00,21.14
2012-05-23 02:00:00,7.87
2012-05-23 03:00:00,6.46
2012-05-23 04:00:00,5.23
2012-05-23 05:00:00,30.46
2012-05-23 06:00:00,142.27
2012-05-23 07:00:00,413.04
2012-05-23 08:00:00,534.29
2012-05-23 09:00:00,332.51
2012-05-23 10:00:00,187.83
2012-05-23 11:00:00,215.3
2012-05-23 12:00:00,276.62
2012-05-23 13:00:00,228.59
2012-05-23 14:00:00,243.05
2012-05-23 15:00:00,293.86
2012-05-23 16:00:00,345.54
2012-05-23 17:00:00,637.43
2012-05-23 18:00:00,668.16
2012-05-23 19:00:00,349.35
2012-05-23 20:00:00,246.69
2012-05-23 21:00:00,192.97
2012-05-23 22:00:00,167.29
2012-05-23 23:00:00,125.54
2012-05-24 00:00:00,60.26
2012-05-24 01:00:00,22.29
2012-05-24 02:00:00,13.04
2012-05-24 03:00:00,6.44
2012-05-24 04:00:00,5.54
2012-05-24 05:00:00,29.62
2012-05-24 06:00:00,140.47
2012-05-24 07:00:00,420.14
2012-05-24 08:00:00,640.46
2012-05-24 09:00:00,338.39
2012-05-24 10:00:00,184.4
2012-05-24 11:00:00,225.15
2012-05-24 12:00:00,302.61
2012-05-24 13:00:00,294.08
2012-05-24 14:00:00,238.4
2012-05-24 15:00:00,261.74
2012-05-24 16:00:00,356.43
2012-05-24 17:00:00,755.38
2012-05-24 18:00:00,758.88
2012-05-24 19:00:00,563.31
2012-05-24 20:00:00,385.15
2012-05-24 21:00:00,158.33
2012-05-24 22:00:00,181.52
2012-05-24 23:00:00,141.25
2012-05-25 00:00:00,76.4
2012-05-25 01:00:00,42.59
2012-05-25 02:00:00,13.45
2012-05-25 03:00:00,7.84
2012-05-25 04:00:00,7.11
2012-05-25 05:00:00,31.02
2012-05-25 06:00:00,138.79
2012-05-25 07:00:00,384.72
2012-05-25 08:00:00,581.52
2012-05-25 09:00:00,313.24
2012-05-25 10:00:00,235.43
2012-05-25 11:00:00,258.07
2012-05-25 12:00:00,302.3
2012-05-25 13:00:00,320.31
2012-05-25 14:00:00,319.0
2012-05-25 15:00:00,316.39
2012-05-25 16:00:00,433.0
2012-05-25 17:00:00,652.89
2012-05-25 18:00:00,684.9
2012-05-25 19:00:00,520.76
2012-05-25 20:00:00,369.45
2012-05-25 21:00:00,253.78
2012-05-25 22:00:00,267.44
2012-05-25 23:00:00,207.89
2012-05-26 00:00:00,151.41
2012-05-26 01:00:00,95.72
2012-05-26 02:00:00,68.61
2012-05-26 03:00:00,27.56
2012-05-26 04:00:00,10.67
2012-05-26 05:00:00,12.58
2012-05-26 06:00:00,38.47
2012-05-26 07:00:00,70.14
2012-05-26 08:00:00,179.33
2012-05-26 09:00:00,320.81
2012-05-26 10:00:00,424.53
2012-05-26 11:00:00,481.93
2012-05-26 12:00:00,513.71
2012-05-26 13:00:00,511.04
2012-05-26 14:00:00,503.89
2012-05-26 15:00:00,503.46
2012-05-26 16:00:00,543.11
2012-05-26 17:00:00,524.62
2012-05-26 18:00:00,497.26
2012-05-26 19:00:00,382.63
2012-05-26 20:00:00,294.83
2012-05-26 21:00:00,242.04
2012-05-26 22:00:00,231.39
2012-05-26 23:00:00,199.94
2012-05-27 00:00:00,137.35
2012-05-27 01:00:00,107.81
2012-05-27 02:00:00,77.46
2012-05-27 03:00:00,33.18
2012-05-27 04:00:00,10.24
2012-05-27 05:00:00,12.05
2012-05-27 06:00:00,25.02
2012-05-27 07:00:00,59.08
2012-05-27 08:00:00,137.59
2012-05-27 09:00:00,264.69
2012-05-27 10:00:00,412.54
2012-05-27 11:00:00,471.82
2012-05-27 12:00:00,491.0
2012-05-27 13:00:00,516.53
2012-05-27 14:00:00,509.84
2012-05-27 15:00:00,514.05
2012-05-27 16:00:00,533.93
2012-05-27 17:00:00,494.42
2012-05-27 18:00:00,469.4
2012-05-27 19:00:00,346.12
2012-05-27 20:00:00,303.21
2012-05-27 21:00:00,191.95
2012-05-27 22:00:00,105.76
2012-05-27 23:00:00,93.02
2012-05-28 00:00:00,61.73
2012-05-28 01:00:00,61.05
2012-05-28 02:00:00,38.15
2012-05-28 03:00:00,17.49
2012-05-28 04:00:00,11.2
2012-05-28 05:00:00,27.34
2012-05-28 06:00:00,82.0
2012-05-28 07:00:00,230.67
2012-05-28 08:00:00,357.92
2012-05-28 09:00:00,291.5
2012-05-28 10:00:00,324.86
2012-05-28 11:00:00,326.32
2012-05-28 12:00:00,327.79
2012-05-28 13:00:00,360.2
2012-05-28 14:00:00,360.8
2012-05-28 15:00:00,344.63
2012-05-28 16:00:00,386.94
2012-05-28 17:00:00,556.55
2012-05-28 18:00:00,533.24
2012-05-28 19:00:00,445.86
2012-05-28 20:00:00,370.65
2012-05-28 21:00:00,286.78
2012-05-28 22:00:00,232.87
2012-05-28 23:00:00,116.21
2012-05-29 00:00:00,49.82
2012-05-29 01:00:00,16.36
2012-05-29 02:00:00,9.95
2012-05-29 03:00:00,5.22
2012-05-29 04:00:00,6.65
2012-05-29 05:00:00,33.41
2012-05-29 06:00:00,165.94
2012-05-29 07:00:00,444.71
2012-05-29 08:00:00,662.735
2012-05-29 09:00:00,330.51
2012-05-29 10:00:00,175.98
2012-05-29 11:00:00,216.69
2012-05-29 12:00:00,261.9
2012-05-29 13:00:00,254.12
2012-05-29 14:00:00,244.54
2012-05-29 15:00:00,254.03
2012-05-29 16:00:00,363.81
2012-05-29 17:00:00,726.55
2012-05-29 18:00:00,724.98
2012-05-29 19:00:00,560.65
2012-05-29 20:00:00,351.52
2012-05-29 21:00:00,173.85
2012-05-29 22:00:00,135.61
2012-05-29 23:00:00,90.99
2012-05-30 00:00:00,40.07
2012-05-30 01:00:00,18.12
2012-05-30 02:00:00,7.96
2012-05-30 03:00:00,5.06
2012-05-30 04:00:00,5.22
2012-05-30 05:00:00,31.62
2012-05-30 06:00:00,155.06
2012-05-30 07:00:00,277.93
2012-05-30 08:00:00,623.29
2012-05-30 09:00:00,347.92
2012-05-30 10:00:00,172.53
2012-05-30 11:00:00,222.13
2012-05-30 12:00:00,320.26
2012-05-30 13:00:00,313.7
2012-05-30 14:00:00,264.49
2012-05-30 15:00:00,268.29
2012-05-30 16:00:00,369.07
2012-05-30 17:00:00,737.98
2012-05-30 18:00:00,797.19
2012-05-30 19:00:00,514.5
2012-05-30 20:00:00,326.05
2012-05-30 21:00:00,270.22
2012-05-30 22:00:00,278.59
2012-05-30 23:00:00,150.88
2012-05-31 00:00:00,60.42
2012-05-31 01:00:00,24.14
2012-05-31 02:00:00,11.08
2012-05-31 03:00:00,7.93
2012-05-31 04:00:00,7.27
2012-05-31 05:00:00,34.23
2012-05-31 06:00:00,160.31
2012-05-31 07:00:00,449.13
2012-05-31 08:00:00,679.74
2012-05-31 09:00:00,327.58
2012-05-31 10:00:00,196.57
2012-05-31 11:00:00,238.38
2012-05-31 12:00:00,311.94
2012-05-31 13:00:00,298.0
2012-05-31 14:00:00,251.11
2012-05-31 15:00:00,266.93
2012-05-31 16:00:00,410.99
2012-05-31 17:00:00,811.86
2012-05-31 18:00:00,811.33
2012-05-31 19:00:00,515.59
2012-05-31 20:00:00,406.11
2012-05-31 21:00:00,278.19
2012-05-31 22:00:00,271.12
2012-05-31 23:00:00,182.96
2012-06-20 00:00:00,46.95
2012-06-20 01:00:00,25.19
2012-06-20 02:00:00,7.74
2012-06-20 03:00:00,7.78
2012-06-20 04:00:00,8.16
2012-06-20 05:00:00,39.05
2012-06-20 06:00:00,155.85
2012-06-20 07:00:00,418.99
2012-06-20 08:00:00,668.3583333333335
2012-06-20 09:00:00,329.83
2012-06-20 10:00:00,187.91
2012-06-20 11:00:00,210.35
2012-06-20 12:00:00,272.88
2012-06-20 13:00:00,262.68
2012-06-20 14:00:00,241.91
2012-06-20 15:00:00,281.26
2012-06-20 16:00:00,401.78
2012-06-20 17:00:00,741.21
2012-06-20 18:00:00,747.81
2012-06-20 19:00:00,556.66
2012-06-20 20:00:00,440.58
2012-06-20 21:00:00,352.78
2012-06-20 22:00:00,312.85
2012-06-20 23:00:00,140.59
2012-06-21 00:00:00,64.8
2012-06-21 01:00:00,27.13
2012-06-21 02:00:00,11.09
2012-06-21 03:00:00,6.14
2012-06-21 04:00:00,7.67
2012-06-21 05:00:00,39.33
2012-06-21 06:00:00,166.17
2012-06-21 07:00:00,445.98
2012-06-21 08:00:00,684.0258333333335
2012-06-21 09:00:00,308.65
2012-06-21 10:00:00,179.25
2012-06-21 11:00:00,218.74
2012-06-21 12:00:00,262.7
2012-06-21 13:00:00,273.2
2012-06-21 14:00:00,234.25
2012-06-21 15:00:00,247.16
2012-06-21 16:00:00,406.24
2012-06-21 17:00:00,734.78
2012-06-21 18:00:00,776.52
2012-06-21 19:00:00,544.92
2012-06-21 20:00:00,435.88
2012-06-21 21:00:00,369.9
2012-06-21 22:00:00,325.44
2012-06-21 23:00:00,146.46
2012-06-22 00:00:00,81.35
2012-06-22 01:00:00,37.33
2012-06-22 02:00:00,19.88
2012-06-22 03:00:00,7.5
2012-06-22 04:00:00,7.34
2012-06-22 05:00:00,37.16
2012-06-22 06:00:00,160.22
2012-06-22 07:00:00,430.54
2012-06-22 08:00:00,644.0575
2012-06-22 09:00:00,344.32
2012-06-22 10:00:00,241.71
2012-06-22 11:00:00,265.69
2012-06-22 12:00:00,320.97
2012-06-22 13:00:00,333.87
2012-06-22 14:00:00,333.88
2012-06-22 15:00:00,317.34
2012-06-22 16:00:00,428.11
2012-06-22 17:00:00,769.5
2012-06-22 18:00:00,719.1
2012-06-22 19:00:00,518.33
2012-06-22 20:00:00,369.9
2012-06-22 21:00:00,242.56
2012-06-22 22:00:00,268.03
2012-06-22 23:00:00,199.46
2012-06-23 00:00:00,166.88
2012-06-23 01:00:00,102.38
2012-06-23 02:00:00,92.77
2012-06-23 03:00:00,30.5
2012-06-23 04:00:00,9.85
2012-06-23 05:00:00,9.41
2012-06-23 06:00:00,34.12
2012-06-23 07:00:00,62.67
2012-06-23 08:00:00,179.04
2012-06-23 09:00:00,287.08
2012-06-23 10:00:00,416.16
2012-06-23 11:00:00,502.78
2012-06-23 12:00:00,539.68
2012-06-23 13:00:00,555.63
2012-06-23 14:00:00,572.31
2012-06-23 15:00:00,533.99
2012-06-23 16:00:00,526.73
2012-06-23 17:00:00,450.58
2012-06-23 18:00:00,417.24
2012-06-23 19:00:00,367.89
2012-06-23 20:00:00,362.17
2012-06-23 21:00:00,309.2
2012-06-23 22:00:00,282.12
2012-06-23 23:00:00,200.6
2012-06-24 00:00:00,169.6
2012-06-24 01:00:00,130.14
2012-06-24 02:00:00,96.42
2012-06-24 03:00:00,37.91
2012-06-24 04:00:00,14.44
2012-06-24 05:00:00,12.72
2012-06-24 06:00:00,28.4
2012-06-24 07:00:00,70.44
2012-06-24 08:00:00,125.34
2012-06-24 09:00:00,237.95
2012-06-24 10:00:00,405.04
2012-06-24 11:00:00,491.69
2012-06-24 12:00:00,524.22
2012-06-24 13:00:00,539.34
2012-06-24 14:00:00,500.19
2012-06-24 15:00:00,494.86
2012-06-24 16:00:00,505.27
2012-06-24 17:00:00,491.82
2012-06-24 18:00:00,487.56
2012-06-24 19:00:00,393.71
2012-06-24 20:00:00,325.96
2012-06-24 21:00:00,234.55
2012-06-24 22:00:00,148.46
2012-06-24 23:00:00,112.44
2012-06-25 00:00:00,42.82
2012-06-25 01:00:00,20.45
2012-06-25 02:00:00,10.58
2012-06-25 03:00:00,8.09
2012-06-25 04:00:00,7.54
2012-06-25 05:00:00,43.04
2012-06-25 06:00:00,152.89
2012-06-25 07:00:00,475.68
2012-06-25 08:00:00,655.02
2012-06-25 09:00:00,325.43
2012-06-25 10:00:00,170.98
2012-06-25 11:00:00,233.57
2012-06-25 12:00:00,262.43
2012-06-25 13:00:00,254.75
2012-06-25 14:00:00,245.03
2012-06-25 15:00:00,261.42
2012-06-25 16:00:00,399.47
2012-06-25 17:00:00,748.24
2012-06-25 18:00:00,748.73
2012-06-25 19:00:00,623.94
2012-06-25 20:00:00,423.0
2012-06-25 21:00:00,284.01
2012-06-25 22:00:00,216.08
2012-06-25 23:00:00,125.85
2012-06-26 00:00:00,39.74
2012-06-26 01:00:00,18.78
2012-06-26 02:00:00,11.98
2012-06-26 03:00:00,7.06
2012-06-26 04:00:00,8.57
2012-06-26 05:00:00,44.21
2012-06-26 06:00:00,164.15
2012-06-26 07:00:00,495.45
2012-06-26 08:00:00,660.1
2012-06-26 09:00:00,308.54
2012-06-26 10:00:00,196.12
2012-06-26 11:00:00,238.87
2012-06-26 12:00:00,262.76
2012-06-26 13:00:00,259.23
2012-06-26 14:00:00,246.34
2012-06-26 15:00:00,263.36
2012-06-26 16:00:00,424.36
2012-06-26 17:00:00,773.73
2012-06-26 18:00:00,773.83
2012-06-26 19:00:00,590.04
2012-06-26 20:00:00,422.36
2012-06-26 21:00:00,288.84
2012-06-26 22:00:00,211.71
2012-06-26 23:00:00,145.41
2012-06-27 00:00:00,44.6
2012-06-27 01:00:00,18.27
2012-06-27 02:00:00,9.85
2012-06-27 03:00:00,7.11
2012-06-27 04:00:00,7.72
2012-06-27 05:00:00,40.85
2012-06-27 06:00:00,162.0
2012-06-27 07:00:00,436.1
2012-06-27 08:00:00,654.865
2012-06-27 09:00:00,306.48
2012-06-27 10:00:00,191.04
2012-06-27 11:00:00,227.36
2012-06-27 12:00:00,285.02
2012-06-27 13:00:00,266.6
2012-06-27 14:00:00,261.45
2012-06-27 15:00:00,267.89
2012-06-27 16:00:00,431.61
2012-06-27 17:00:00,749.13
2012-06-27 18:00:00,754.96
2012-06-27 19:00:00,611.9
2012-06-27 20:00:00,462.1
2012-06-27 21:00:00,324.31
2012-06-27 22:00:00,285.68
2012-06-27 23:00:00,153.92
2012-06-28 00:00:00,56.95
2012-06-28 01:00:00,25.34
2012-06-28 02:00:00,12.15
2012-06-28 03:00:00,7.87
2012-06-28 04:00:00,8.06
2012-06-28 05:00:00,40.55
2012-06-28 06:00:00,148.08
2012-06-28 07:00:00,485.46
2012-06-28 08:00:00,656.81
2012-06-28 09:00:00,325.17
2012-06-28 10:00:00,182.88
2012-06-28 11:00:00,233.13
2012-06-28 12:00:00,281.8
2012-06-28 13:00:00,271.48
2012-06-28 14:00:00,249.28
2012-06-28 15:00:00,261.84
2012-06-28 16:00:00,452.62
2012-06-28 17:00:00,727.52
2012-06-28 18:00:00,746.49
2012-06-28 19:00:00,566.5
2012-06-28 20:00:00,473.41
2012-06-28 21:00:00,332.74
2012-06-28 22:00:00,285.21
2012-06-28 23:00:00,173.9
2012-06-29 00:00:00,80.29
2012-06-29 01:00:00,36.36
2012-06-29 02:00:00,16.31
2012-06-29 03:00:00,7.52
2012-06-29 04:00:00,6.98
2012-06-29 05:00:00,37.02
2012-06-29 06:00:00,145.78
2012-06-29 07:00:00,440.79
2012-06-29 08:00:00,666.94
2012-06-29 09:00:00,349.22
2012-06-29 10:00:00,245.38
2012-06-29 11:00:00,275.48
2012-06-29 12:00:00,313.31
2012-06-29 13:00:00,305.98
2012-06-29 14:00:00,304.41
2012-06-29 15:00:00,311.35
2012-06-29 16:00:00,425.38
2012-06-29 17:00:00,653.33
2012-06-29 18:00:00,628.28
2012-06-29 19:00:00,486.42
2012-06-29 20:00:00,366.12
2012-06-29 21:00:00,407.1
2012-06-29 22:00:00,283.05
2012-06-29 23:00:00,156.82
2012-06-30 00:00:00,137.95
2012-06-30 01:00:00,111.22
2012-06-30 02:00:00,77.36
2012-06-30 03:00:00,31.03
2012-06-30 04:00:00,12.98
2012-06-30 05:00:00,10.88
2012-06-30 06:00:00,26.28
2012-06-30 07:00:00,65.03
2012-06-30 08:00:00,190.83
2012-06-30 09:00:00,324.62
2012-06-30 10:00:00,399.01
2012-06-30 11:00:00,482.97
2012-06-30 12:00:00,511.97
2012-06-30 13:00:00,519.68
2012-06-30 14:00:00,523.17
2012-06-30 15:00:00,518.14
2012-06-30 16:00:00,458.7
2012-06-30 17:00:00,402.33
2012-06-30 18:00:00,403.55
2012-06-30 19:00:00,381.06
2012-06-30 20:00:00,321.58
2012-06-30 21:00:00,331.52
2012-06-30 22:00:00,247.54
2012-06-30 23:00:00,197.86
2012-07-20 00:00:00,74.49
2012-07-20 01:00:00,34.96
2012-07-20 02:00:00,15.44
2012-07-20 03:00:00,7.35
2012-07-20 04:00:00,8.03
2012-07-20 05:00:00,39.91
2012-07-20 06:00:00,157.13
2012-07-20 07:00:00,411.54
2012-07-20 08:00:00,620.845
2012-07-20 09:00:00,334.53
2012-07-20 10:00:00,236.24
2012-07-20 11:00:00,234.22
2012-07-20 12:00:00,243.97
2012-07-20 13:00:00,245.64
2012-07-20 14:00:00,246.48
2012-07-20 15:00:00,297.51
2012-07-20 16:00:00,353.57
2012-07-20 17:00:00,461.49
2012-07-20 18:00:00,477.08
2012-07-20 19:00:00,275.22
2012-07-20 20:00:00,152.54
2012-07-20 21:00:00,174.42
2012-07-20 22:00:00,196.27
2012-07-20 23:00:00,162.9
2012-07-21 00:00:00,146.47
2012-07-21 01:00:00,103.0
2012-07-21 02:00:00,66.85
2012-07-21 03:00:00,24.92
2012-07-21 04:00:00,9.43
2012-07-21 05:00:00,8.99
2012-07-21 06:00:00,28.1
2012-07-21 07:00:00,66.83
2012-07-21 08:00:00,177.16
2012-07-21 09:00:00,287.49
2012-07-21 10:00:00,296.33
2012-07-21 11:00:00,438.06
2012-07-21 12:00:00,334.33
2012-07-21 13:00:00,308.48
2012-07-21 14:00:00,463.39
2012-07-21 15:00:00,382.41
2012-07-21 16:00:00,391.31
2012-07-21 17:00:00,265.22
2012-07-21 18:00:00,289.13
2012-07-21 19:00:00,252.94
2012-07-21 20:00:00,156.94
2012-07-21 21:00:00,183.07
2012-07-21 22:00:00,174.99
2012-07-21 23:00:00,148.93
2012-07-22 00:00:00,119.26
2012-07-22 01:00:00,111.0
2012-07-22 02:00:00,83.45
2012-07-22 03:00:00,35.87
2012-07-22 04:00:00,14.16
2012-07-22 05:00:00,14.38
2012-07-22 06:00:00,19.55
2012-07-22 07:00:00,53.15
2012-07-22 08:00:00,133.04
2012-07-22 09:00:00,254.17
2012-07-22 10:00:00,377.53
2012-07-22 11:00:00,407.44
2012-07-22 12:00:00,476.23
2012-07-22 13:00:00,492.49
2012-07-22 14:00:00,497.73
2012-07-22 15:00:00,493.39
2012-07-22 16:00:00,488.27
2012-07-22 17:00:00,479.2
2012-07-22 18:00:00,446.2
2012-07-22 19:00:00,311.8
2012-07-22 20:00:00,276.8
2012-07-22 21:00:00,206.36
2012-07-22 22:00:00,152.82
2012-07-22 23:00:00,113.39
2012-07-23 00:00:00,48.58
2012-07-23 01:00:00,16.37
2012-07-23 02:00:00,7.89
2012-07-23 03:00:00,7.88
2012-07-23 04:00:00,8.62
2012-07-23 05:00:00,42.06
2012-07-23 06:00:00,154.64
2012-07-23 07:00:00,419.69
2012-07-23 08:00:00,647.1033333333334
2012-07-23 09:00:00,326.48
2012-07-23 10:00:00,183.61
2012-07-23 11:00:00,234.16
2012-07-23 12:00:00,265.27
2012-07-23 13:00:00,264.15
2012-07-23 14:00:00,246.45
2012-07-23 15:00:00,263.87
2012-07-23 16:00:00,370.15
2012-07-23 17:00:00,776.91
2012-07-23 18:00:00,774.92
2012-07-23 19:00:00,594.99
2012-07-23 20:00:00,427.34
2012-07-23 21:00:00,303.86
2012-07-23 22:00:00,198.64
2012-07-23 23:00:00,128.05
2012-07-24 00:00:00,55.25
2012-07-24 01:00:00,19.91
2012-07-24 02:00:00,9.01
2012-07-24 03:00:00,6.89
2012-07-24 04:00:00,8.25
2012-07-24 05:00:00,41.15
2012-07-24 06:00:00,178.99
2012-07-24 07:00:00,492.52
2012-07-24 08:00:00,671.4166666666667
2012-07-24 09:00:00,302.54
2012-07-24 10:00:00,182.42
2012-07-24 11:00:00,204.22
2012-07-24 12:00:00,259.02
2012-07-24 13:00:00,249.89
2012-07-24 14:00:00,234.4
2012-07-24 15:00:00,261.67
2012-07-24 16:00:00,365.27
2012-07-24 17:00:00,769.76
2012-07-24 18:00:00,716.88
2012-07-24 19:00:00,577.53
2012-07-24 20:00:00,433.73
2012-07-24 21:00:00,297.86
2012-07-24 22:00:00,206.39
2012-07-24 23:00:00,129.14
2012-07-25 00:00:00,45.5
2012-07-25 01:00:00,24.27
2012-07-25 02:00:00,8.41
2012-07-25 03:00:00,7.08
2012-07-25 04:00:00,6.38
2012-07-25 05:00:00,41.94
2012-07-25 06:00:00,166.21
2012-07-25 07:00:00,431.59
2012-07-25 08:00:00,640.675
2012-07-25 09:00:00,307.25
2012-07-25 10:00:00,193.29
2012-07-25 11:00:00,235.07
2012-07-25 12:00:00,296.02
2012-07-25 13:00:00,274.64
2012-07-25 14:00:00,249.28
2012-07-25 15:00:00,262.12
2012-07-25 16:00:00,403.5
2012-07-25 17:00:00,771.81
2012-07-25 18:00:00,757.86
2012-07-25 19:00:00,602.87
2012-07-25 20:00:00,453.61
2012-07-25 21:00:00,329.31
2012-07-25 22:00:00,272.86
2012-07-25 23:00:00,144.55
2012-07-26 00:00:00,59.29
2012-07-26 01:00:00,25.81
2012-07-26 02:00:00,9.0
2012-07-26 03:00:00,8.05
2012-07-26 04:00:00,6.83
2012-07-26 05:00:00,40.19
2012-07-26 06:00:00,169.88
2012-07-26 07:00:00,481.28
2012-07-26 08:00:00,674.6139999999999
2012-07-26 09:00:00,330.77
2012-07-26 10:00:00,194.5
2012-07-26 11:00:00,212.35
2012-07-26 12:00:00,261.75
2012-07-26 13:00:00,250.02
2012-07-26 14:00:00,204.62
2012-07-26 15:00:00,210.84
2012-07-26 16:00:00,424.28
2012-07-26 17:00:00,680.65
2012-07-26 18:00:00,677.8
2012-07-26 19:00:00,553.38
2012-07-26 20:00:00,455.22
2012-07-26 21:00:00,357.43
2012-07-26 22:00:00,285.81
2012-07-26 23:00:00,162.49
2012-07-27 00:00:00,87.18
2012-07-27 01:00:00,38.99
2012-07-27 02:00:00,19.77
2012-07-27 03:00:00,7.57
2012-07-27 04:00:00,9.22
2012-07-27 05:00:00,38.7
2012-07-27 06:00:00,159.66
2012-07-27 07:00:00,448.6
2012-07-27 08:00:00,667.31
2012-07-27 09:00:00,348.01
2012-07-27 10:00:00,236.19
2012-07-27 11:00:00,265.08
2012-07-27 12:00:00,319.11
2012-07-27 13:00:00,324.18
2012-07-27 14:00:00,321.65
2012-07-27 15:00:00,342.58
2012-07-27 16:00:00,429.47
2012-07-27 17:00:00,689.12
2012-07-27 18:00:00,751.82
2012-07-27 19:00:00,488.31
2012-07-27 20:00:00,372.93
2012-07-27 21:00:00,309.81
2012-07-27 22:00:00,269.43
2012-07-27 23:00:00,196.91
2012-07-28 00:00:00,161.29
2012-07-28 01:00:00,97.71
2012-07-28 02:00:00,82.28
2012-07-28 03:00:00,30.67
2012-07-28 04:00:00,9.84
2012-07-28 05:00:00,14.43
2012-07-28 06:00:00,33.62
2012-07-28 07:00:00,84.7
2012-07-28 08:00:00,172.76
2012-07-28 09:00:00,269.11
2012-07-28 10:00:00,396.97
2012-07-28 11:00:00,491.46
2012-07-28 12:00:00,521.33
2012-07-28 13:00:00,532.81
2012-07-28 14:00:00,531.03
2012-07-28 15:00:00,521.88
2012-07-28 16:00:00,506.83
2012-07-28 17:00:00,462.59
2012-07-28 18:00:00,469.09
2012-07-28 19:00:00,355.26
2012-07-28 20:00:00,232.78
2012-07-28 21:00:00,259.43
2012-07-28 22:00:00,246.72
2012-07-28 23:00:00,206.86
2012-07-29 00:00:00,142.35
2012-07-29 01:00:00,108.02
2012-07-29 02:00:00,82.74
2012-07-29 03:00:00,37.79
2012-07-29 04:00:00,11.15
2012-07-29 05:00:00,11.53
2012-07-29 06:00:00,23.48
2012-07-29 07:00:00,74.31
2012-07-29 08:00:00,135.06
2012-07-29 09:00:00,243.73
2012-07-29 10:00:00,405.93
2012-07-29 11:00:00,481.88
2012-07-29 12:00:00,528.57
2012-07-29 13:00:00,526.64
2012-07-29 14:00:00,527.22
2012-07-29 15:00:00,538.45
2012-07-29 16:00:00,506.1
2012-07-29 17:00:00,457.88
2012-07-29 18:00:00,460.35
2012-07-29 19:00:00,343.72
2012-07-29 20:00:00,299.96
2012-07-29 21:00:00,216.28
2012-07-29 22:00:00,145.3
2012-07-29 23:00:00,113.99
2012-07-30 00:00:00,55.21
2012-07-30 01:00:00,15.21
2012-07-30 02:00:00,12.2
2012-07-30 03:00:00,6.71
2012-07-30 04:00:00,9.38
2012-07-30 05:00:00,43.61
2012-07-30 06:00:00,152.93
2012-07-30 07:00:00,450.49
2012-07-30 08:00:00,658.9466666666667
2012-07-30 09:00:00,328.38
2012-07-30 10:00:00,183.64
2012-07-30 11:00:00,231.67
2012-07-30 12:00:00,267.05
2012-07-30 13:00:00,264.8
2012-07-30 14:00:00,241.98
2012-07-30 15:00:00,262.95
2012-07-30 16:00:00,392.39
2012-07-30 17:00:00,748.3
2012-07-30 18:00:00,727.81
2012-07-30 19:00:00,587.9
2012-07-30 20:00:00,416.97
2012-07-30 21:00:00,276.7
2012-07-30 22:00:00,192.58
2012-07-30 23:00:00,120.86
2012-07-31 00:00:00,48.66
2012-07-31 01:00:00,18.7
2012-07-31 02:00:00,8.78
2012-07-31 03:00:00,7.29
2012-07-31 04:00:00,8.25
2012-07-31 05:00:00,41.04
2012-07-31 06:00:00,175.42
2012-07-31 07:00:00,405.99
2012-07-31 08:00:00,654.725
2012-07-31 09:00:00,329.1
2012-07-31 10:00:00,194.44
2012-07-31 11:00:00,227.38
2012-07-31 12:00:00,289.92
2012-07-31 13:00:00,256.99
2012-07-31 14:00:00,241.62
2012-07-31 15:00:00,258.58
2012-07-31 16:00:00,371.03
2012-07-31 17:00:00,805.5
2012-07-31 18:00:00,756.35
2012-07-31 19:00:00,535.94
2012-07-31 20:00:00,391.86
2012-07-31 21:00:00,259.03
2012-07-31 22:00:00,201.0
2012-07-31 23:00:00,152.03
2012-08-20 00:00:00,34.88
2012-08-20 01:00:00,16.69
2012-08-20 02:00:00,8.32
2012-08-20 03:00:00,7.26
2012-08-20 04:00:00,9.36
2012-08-20 05:00:00,40.74
2012-08-20 06:00:00,154.07
2012-08-20 07:00:00,471.38
2012-08-20 08:00:00,677.63
2012-08-20 09:00:00,336.0
2012-08-20 10:00:00,209.1
2012-08-20 11:00:00,228.81
2012-08-20 12:00:00,297.83
2012-08-20 13:00:00,294.13
2012-08-20 14:00:00,266.27
2012-08-20 15:00:00,278.88
2012-08-20 16:00:00,458.2
2012-08-20 17:00:00,879.57
2012-08-20 18:00:00,575.42
2012-08-20 19:00:00,432.16
2012-08-20 20:00:00,283.87
2012-08-20 21:00:00,250.24
2012-08-20 22:00:00,149.2
2012-08-20 23:00:00,94.24
2012-08-21 00:00:00,35.95
2012-08-21 01:00:00,16.6
2012-08-21 02:00:00,5.94
2012-08-21 03:00:00,7.09
2012-08-21 04:00:00,7.2
2012-08-21 05:00:00,44.64
2012-08-21 06:00:00,179.23
2012-08-21 07:00:00,494.68
2012-08-21 08:00:00,689.4716666666666
2012-08-21 09:00:00,340.6
2012-08-21 10:00:00,206.6
2012-08-21 11:00:00,230.62
2012-08-21 12:00:00,301.38
2012-08-21 13:00:00,299.62
2012-08-21 14:00:00,261.09
2012-08-21 15:00:00,286.66
2012-08-21 16:00:00,466.57
2012-08-21 17:00:00,855.38
2012-08-21 18:00:00,853.59
2012-08-21 19:00:00,433.94
2012-08-21 20:00:00,405.73
2012-08-21 21:00:00,267.84
2012-08-21 22:00:00,156.71
2012-08-21 23:00:00,114.09
2012-08-22 00:00:00,46.43
2012-08-22 01:00:00,23.08
2012-08-22 02:00:00,8.71
2012-08-22 03:00:00,7.28
2012-08-22 04:00:00,8.17
2012-08-22 05:00:00,42.61
2012-08-22 06:00:00,176.94
2012-08-22 07:00:00,499.0
2012-08-22 08:00:00,699.1391666666667
2012-08-22 09:00:00,341.98
2012-08-22 10:00:00,207.99
2012-08-22 11:00:00,232.9
2012-08-22 12:00:00,300.22
2012-08-22 13:00:00,292.76
2012-08-22 14:00:00,266.49
2012-08-22 15:00:00,283.26
2012-08-22 16:00:00,445.98
2012-08-22 17:00:00,850.95
2012-08-22 18:00:00,843.96
2012-08-22 19:00:00,555.63
2012-08-22 20:00:00,423.49
2012-08-22 21:00:00,292.57
2012-08-22 22:00:00,259.57
2012-08-22 23:00:00,137.72
2012-08-23 00:00:00,66.04
2012-08-23 01:00:00,24.58
2012-08-23 02:00:00,12.95
2012-08-23 03:00:00,7.34
2012-08-23 04:00:00,8.34
2012-08-23 05:00:00,42.55
2012-08-23 06:00:00,161.7
2012-08-23 07:00:00,445.33
2012-08-23 08:00:00,695.3131666666668
2012-08-23 09:00:00,340.56
2012-08-23 10:00:00,208.31
2012-08-23 11:00:00,242.26
2012-08-23 12:00:00,298.82
2012-08-23 13:00:00,280.49
2012-08-23 14:00:00,252.0
2012-08-23 15:00:00,280.2
2012-08-23 16:00:00,439.51
2012-08-23 17:00:00,838.33
2012-08-23 18:00:00,830.3
2012-08-23 19:00:00,613.36
2012-08-23 20:00:00,449.7
2012-08-23 21:00:00,323.94
2012-08-23 22:00:00,255.56
2012-08-23 23:00:00,189.71
2012-08-24 00:00:00,77.22
2012-08-24 01:00:00,34.29
2012-08-24 02:00:00,18.77
2012-08-24 03:00:00,8.49
2012-08-24 04:00:00,7.26
2012-08-24 05:00:00,41.27
2012-08-24 06:00:00,152.02
2012-08-24 07:00:00,418.29
2012-08-24 08:00:00,682.2856666666668
2012-08-24 09:00:00,364.87
2012-08-24 10:00:00,254.06
2012-08-24 11:00:00,273.17
2012-08-24 12:00:00,352.88
2012-08-24 13:00:00,354.65
2012-08-24 14:00:00,351.17
2012-08-24 15:00:00,351.56
2012-08-24 16:00:00,466.15
2012-08-24 17:00:00,770.18
2012-08-24 18:00:00,741.23
2012-08-24 19:00:00,526.41
2012-08-24 20:00:00,380.53
2012-08-24 21:00:00,295.38
2012-08-24 22:00:00,246.66
2012-08-24 23:00:00,203.78
2012-08-25 00:00:00,158.33
2012-08-25 01:00:00,118.36
2012-08-25 02:00:00,101.36
2012-08-25 03:00:00,33.24
2012-08-25 04:00:00,11.9
2012-08-25 05:00:00,12.26
2012-08-25 06:00:00,31.09
2012-08-25 07:00:00,58.2
2012-08-25 08:00:00,177.89
2012-08-25 09:00:00,289.32
2012-08-25 10:00:00,438.49
2012-08-25 11:00:00,500.19
2012-08-25 12:00:00,525.78
2012-08-25 13:00:00,565.56
2012-08-25 14:00:00,452.47
2012-08-25 15:00:00,432.35
2012-08-25 16:00:00,513.86
2012-08-25 17:00:00,383.09
2012-08-25 18:00:00,450.82
2012-08-25 19:00:00,358.35
2012-08-25 20:00:00,164.41
2012-08-25 21:00:00,212.32
2012-08-25 22:00:00,201.53
2012-08-25 23:00:00,160.81
2012-08-26 00:00:00,142.63
2012-08-26 01:00:00,111.41
2012-08-26 02:00:00,83.55
2012-08-26 03:00:00,38.16
2012-08-26 04:00:00,12.47
2012-08-26 05:00:00,11.11
2012-08-26 06:00:00,14.74
2012-08-26 07:00:00,58.68
2012-08-26 08:00:00,129.31
2012-08-26 09:00:00,251.17
2012-08-26 10:00:00,417.55
2012-08-26 11:00:00,476.18
2012-08-26 12:00:00,453.14
2012-08-26 13:00:00,368.39
2012-08-26 14:00:00,359.89
2012-08-26 15:00:00,296.52
2012-08-26 16:00:00,402.87
2012-08-26 17:00:00,308.14
2012-08-26 18:00:00,308.27
2012-08-26 19:00:00,230.87
2012-08-26 20:00:00,189.64
2012-08-26 21:00:00,180.56
2012-08-26 22:00:00,135.62
2012-08-26 23:00:00,103.33
2012-08-27 00:00:00,48.36
2012-08-27 01:00:00,15.78
2012-08-27 02:00:00,8.01
2012-08-27 03:00:00,7.14
2012-08-27 04:00:00,9.21
2012-08-27 05:00:00,41.85
2012-08-27 06:00:00,154.72
2012-08-27 07:00:00,322.06
2012-08-27 08:00:00,576.9816666666667
2012-08-27 09:00:00,336.14
2012-08-27 10:00:00,198.49
2012-08-27 11:00:00,228.95
2012-08-27 12:00:00,285.95
2012-08-27 13:00:00,284.36
2012-08-27 14:00:00,266.02
2012-08-27 15:00:00,275.51
2012-08-27 16:00:00,451.14
2012-08-27 17:00:00,845.5
2012-08-27 18:00:00,850.43
2012-08-27 19:00:00,591.7
2012-08-27 20:00:00,428.53
2012-08-27 21:00:00,283.14
2012-08-27 22:00:00,199.77
2012-08-27 23:00:00,121.2
2012-08-28 00:00:00,43.39
2012-08-28 01:00:00,19.45
2012-08-28 02:00:00,10.0
2012-08-28 03:00:00,7.23
2012-08-28 04:00:00,8.56
2012-08-28 05:00:00,40.1
2012-08-28 06:00:00,171.58
2012-08-28 07:00:00,365.33
2012-08-28 08:00:00,630.78
2012-08-28 09:00:00,337.19
2012-08-28 10:00:00,199.22
2012-08-28 11:00:00,236.17
2012-08-28 12:00:00,282.49
2012-08-28 13:00:00,277.86
2012-08-28 14:00:00,254.25
2012-08-28 15:00:00,267.85
2012-08-28 16:00:00,451.25
2012-08-28 17:00:00,859.49
2012-08-28 18:00:00,852.55
2012-08-28 19:00:00,600.52
2012-08-28 20:00:00,426.78
2012-08-28 21:00:00,296.54
2012-08-28 22:00:00,215.69
2012-08-28 23:00:00,153.11
2012-08-29 00:00:00,54.0
2012-08-29 01:00:00,21.3
2012-08-29 02:00:00,9.68
2012-08-29 03:00:00,7.69
2012-08-29 04:00:00,6.33
2012-08-29 05:00:00,40.69
2012-08-29 06:00:00,174.43
2012-08-29 07:00:00,424.74
2012-08-29 08:00:00,693.704
2012-08-29 09:00:00,343.95
2012-08-29 10:00:00,199.16
2012-08-29 11:00:00,238.8
2012-08-29 12:00:00,296.24
2012-08-29 13:00:00,299.01
2012-08-29 14:00:00,259.98
2012-08-29 15:00:00,273.03
2012-08-29 16:00:00,464.0
2012-08-29 17:00:00,880.45
2012-08-29 18:00:00,845.16
2012-08-29 19:00:00,615.75
2012-08-29 20:00:00,452.46
2012-08-29 21:00:00,309.63
2012-08-29 22:00:00,270.34
2012-08-29 23:00:00,164.72
2012-08-30 00:00:00,65.99
2012-08-30 01:00:00,23.83
2012-08-30 02:00:00,15.42
2012-08-30 03:00:00,7.88
2012-08-30 04:00:00,7.3
2012-08-30 05:00:00,43.32
2012-08-30 06:00:00,167.58
2012-08-30 07:00:00,442.1
2012-08-30 08:00:00,690.0725
2012-08-30 09:00:00,340.32
2012-08-30 10:00:00,198.0
2012-08-30 11:00:00,253.26
2012-08-30 12:00:00,300.08
2012-08-30 13:00:00,291.66
2012-08-30 14:00:00,260.39
2012-08-30 15:00:00,281.88
2012-08-30 16:00:00,437.63
2012-08-30 17:00:00,874.48
2012-08-30 18:00:00,838.63
2012-08-30 19:00:00,628.06
2012-08-30 20:00:00,488.05
2012-08-30 21:00:00,325.88
2012-08-30 22:00:00,260.64
2012-08-30 23:00:00,164.31
2012-08-31 00:00:00,80.72
2012-08-31 01:00:00,35.4
2012-08-31 02:00:00,15.22
2012-08-31 03:00:00,8.12
2012-08-31 04:00:00,9.08
2012-08-31 05:00:00,39.1
2012-08-31 06:00:00,155.96
2012-08-31 07:00:00,398.13
2012-08-31 08:00:00,675.4656666666668
2012-08-31 09:00:00,338.47
2012-08-31 10:00:00,244.43
2012-08-31 11:00:00,262.51
2012-08-31 12:00:00,331.71
2012-08-31 13:00:00,329.84
2012-08-31 14:00:00,309.79
2012-08-31 15:00:00,313.82
2012-08-31 16:00:00,449.54
2012-08-31 17:00:00,799.92
2012-08-31 18:00:00,760.64
2012-08-31 19:00:00,524.07
2012-08-31 20:00:00,387.23
2012-08-31 21:00:00,312.94
2012-08-31 22:00:00,245.04
2012-08-31 23:00:00,199.77
2012-09-20 00:00:00,54.58
2012-09-20 01:00:00,22.51
2012-09-20 02:00:00,15.43
2012-09-20 03:00:00,8.4
2012-09-20 04:00:00,8.1
2012-09-20 05:00:00,43.8
2012-09-20 06:00:00,189.41
2012-09-20 07:00:00,500.71
2012-09-20 08:00:00,760.75
2012-09-20 09:00:00,356.04
2012-09-20 10:00:00,198.64
2012-09-20 11:00:00,249.38
2012-09-20 12:00:00,336.23
2012-09-20 13:00:00,322.78
2012-09-20 14:00:00,315.35
2012-09-20 15:00:00,333.66
2012-09-20 16:00:00,467.1
2012-09-20 17:00:00,881.9
2012-09-20 18:00:00,870.19
2012-09-20 19:00:00,544.22
2012-09-20 20:00:00,410.33
2012-09-20 21:00:00,289.26
2012-09-20 22:00:00,234.65
2012-09-20 23:00:00,152.39
2012-09-21 00:00:00,80.96
2012-09-21 01:00:00,33.85
2012-09-21 02:00:00,22.12
2012-09-21 03:00:00,10.04
2012-09-21 04:00:00,10.77
2012-09-21 05:00:00,45.97
2012-09-21 06:00:00,173.76
2012-09-21 07:00:00,470.34
2012-09-21 08:00:00,716.75
2012-09-21 09:00:00,363.22
2012-09-21 10:00:00,265.34
2012-09-21 11:00:00,276.71
2012-09-21 12:00:00,364.18
2012-09-21 13:00:00,384.39
2012-09-21 14:00:00,376.91
2012-09-21 15:00:00,385.91
2012-09-21 16:00:00,509.2
2012-09-21 17:00:00,839.97
2012-09-21 18:00:00,813.23
2012-09-21 19:00:00,566.52
2012-09-21 20:00:00,370.69
2012-09-21 21:00:00,254.29
2012-09-21 22:00:00,241.76
2012-09-21 23:00:00,192.45
2012-09-22 00:00:00,164.47
2012-09-22 01:00:00,104.53
2012-09-22 02:00:00,74.01
2012-09-22 03:00:00,29.55
2012-09-22 04:00:00,12.94
2012-09-22 05:00:00,15.25
2012-09-22 06:00:00,30.8
2012-09-22 07:00:00,72.71
2012-09-22 08:00:00,190.61
2012-09-22 09:00:00,324.28
2012-09-22 10:00:00,454.51
2012-09-22 11:00:00,612.45
2012-09-22 12:00:00,612.73
2012-09-22 13:00:00,604.79
2012-09-22 14:00:00,581.1
2012-09-22 15:00:00,581.6
2012-09-22 16:00:00,603.9
2012-09-22 17:00:00,560.25
2012-09-22 18:00:00,534.28
2012-09-22 19:00:00,421.87
2012-09-22 20:00:00,327.52
2012-09-22 21:00:00,284.85
2012-09-22 22:00:00,245.29
2012-09-22 23:00:00,199.45
2012-09-23 00:00:00,157.55
2012-09-23 01:00:00,110.18
2012-09-23 02:00:00,73.17
2012-09-23 03:00:00,38.45
2012-09-23 04:00:00,10.88
2012-09-23 05:00:00,10.41
2012-09-23 06:00:00,22.21
2012-09-23 07:00:00,52.0
2012-09-23 08:00:00,124.27
2012-09-23 09:00:00,276.48
2012-09-23 10:00:00,391.77
2012-09-23 11:00:00,542.22
2012-09-23 12:00:00,641.45
2012-09-23 13:00:00,670.96
2012-09-23 14:00:00,660.96
2012-09-23 15:00:00,662.15
2012-09-23 16:00:00,663.09
2012-09-23 17:00:00,523.7
2012-09-23 18:00:00,492.32
2012-09-23 19:00:00,328.64
2012-09-23 20:00:00,261.03
2012-09-23 21:00:00,168.75
2012-09-23 22:00:00,149.36
2012-09-23 23:00:00,84.75
2012-09-24 00:00:00,54.51
2012-09-24 01:00:00,14.25
2012-09-24 02:00:00,10.63
2012-09-24 03:00:00,7.03
2012-09-24 04:00:00,8.18
2012-09-24 05:00:00,42.33
2012-09-24 06:00:00,151.69
2012-09-24 07:00:00,505.08
2012-09-24 08:00:00,763.5
2012-09-24 09:00:00,332.78
2012-09-24 10:00:00,195.97
2012-09-24 11:00:00,266.85
2012-09-24 12:00:00,332.19
2012-09-24 13:00:00,312.31
2012-09-24 14:00:00,307.47
2012-09-24 15:00:00,318.52
2012-09-24 16:00:00,451.29
2012-09-24 17:00:00,790.16
2012-09-24 18:00:00,811.37
2012-09-24 19:00:00,506.31
2012-09-24 20:00:00,357.99
2012-09-24 21:00:00,244.69
2012-09-24 22:00:00,145.33
2012-09-24 23:00:00,98.81
2012-09-25 00:00:00,51.58
2012-09-25 01:00:00,15.32
2012-09-25 02:00:00,7.81
2012-09-25 03:00:00,5.15
2012-09-25 04:00:00,7.14
2012-09-25 05:00:00,40.26
2012-09-25 06:00:00,175.5
2012-09-25 07:00:00,475.99
2012-09-25 08:00:00,768.45
2012-09-25 09:00:00,351.09
2012-09-25 10:00:00,201.18
2012-09-25 11:00:00,243.17
2012-09-25 12:00:00,321.69
2012-09-25 13:00:00,318.7
2012-09-25 14:00:00,318.94
2012-09-25 15:00:00,332.26
2012-09-25 16:00:00,481.92
2012-09-25 17:00:00,905.91
2012-09-25 18:00:00,887.5
2012-09-25 19:00:00,572.94
2012-09-25 20:00:00,420.41
2012-09-25 21:00:00,252.52
2012-09-25 22:00:00,192.66
2012-09-25 23:00:00,130.78
2012-09-26 00:00:00,43.8
2012-09-26 01:00:00,19.79
2012-09-26 02:00:00,5.78
2012-09-26 03:00:00,5.92
2012-09-26 04:00:00,6.56
2012-09-26 05:00:00,41.02
2012-09-26 06:00:00,174.17
2012-09-26 07:00:00,518.97
2012-09-26 08:00:00,759.94
2012-09-26 09:00:00,354.48
2012-09-26 10:00:00,187.43
2012-09-26 11:00:00,221.31
2012-09-26 12:00:00,339.74
2012-09-26 13:00:00,304.38
2012-09-26 14:00:00,280.03
2012-09-26 15:00:00,292.02
2012-09-26 16:00:00,479.37
2012-09-26 17:00:00,850.2
2012-09-26 18:00:00,848.56
2012-09-26 19:00:00,570.84
2012-09-26 20:00:00,453.59
2012-09-26 21:00:00,303.35
2012-09-26 22:00:00,224.09
2012-09-26 23:00:00,116.63
2012-09-27 00:00:00,60.59
2012-09-27 01:00:00,26.03
2012-09-27 02:00:00,13.86
2012-09-27 03:00:00,8.61
2012-09-27 04:00:00,7.33
2012-09-27 05:00:00,41.1
2012-09-27 06:00:00,159.2
2012-09-27 07:00:00,492.4
2012-09-27 08:00:00,722.8108333333334
2012-09-27 09:00:00,345.41
2012-09-27 10:00:00,202.11
2012-09-27 11:00:00,242.01
2012-09-27 12:00:00,296.8
2012-09-27 13:00:00,292.57
2012-09-27 14:00:00,286.82
2012-09-27 15:00:00,296.48
2012-09-27 16:00:00,474.59
2012-09-27 17:00:00,822.38
2012-09-27 18:00:00,825.81
2012-09-27 19:00:00,580.95
2012-09-27 20:00:00,399.38
2012-09-27 21:00:00,231.55
2012-09-27 22:00:00,179.63
2012-09-27 23:00:00,116.65
2012-09-28 00:00:00,69.56
2012-09-28 01:00:00,26.52
2012-09-28 02:00:00,13.3
2012-09-28 03:00:00,6.52
2012-09-28 04:00:00,7.14
2012-09-28 05:00:00,39.02
2012-09-28 06:00:00,144.12
2012-09-28 07:00:00,385.47
2012-09-28 08:00:00,698.13
2012-09-28 09:00:00,354.45
2012-09-28 10:00:00,215.71
2012-09-28 11:00:00,259.78
2012-09-28 12:00:00,392.51
2012-09-28 13:00:00,398.42
2012-09-28 14:00:00,390.9
2012-09-28 15:00:00,392.03
2012-09-28 16:00:00,523.42
2012-09-28 17:00:00,813.31
2012-09-28 18:00:00,824.88
2012-09-28 19:00:00,501.39
2012-09-28 20:00:00,363.96
2012-09-28 21:00:00,256.72
2012-09-28 22:00:00,226.11
2012-09-28 23:00:00,167.47
2012-09-29 00:00:00,160.5
2012-09-29 01:00:00,105.58
2012-09-29 02:00:00,75.1
2012-09-29 03:00:00,35.09
2012-09-29 04:00:00,17.78
2012-09-29 05:00:00,13.93
2012-09-29 06:00:00,39.04
2012-09-29 07:00:00,77.87
2012-09-29 08:00:00,183.81
2012-09-29 09:00:00,323.54
2012-09-29 10:00:00,393.58
2012-09-29 11:00:00,542.4
2012-09-29 12:00:00,675.07
2012-09-29 13:00:00,674.33
2012-09-29 14:00:00,645.43
2012-09-29 15:00:00,624.59
2012-09-29 16:00:00,650.78
2012-09-29 17:00:00,562.86
2012-09-29 18:00:00,485.12
2012-09-29 19:00:00,327.98
2012-09-29 20:00:00,261.52
2012-09-29 21:00:00,231.28
2012-09-29 22:00:00,219.07
2012-09-29 23:00:00,183.14
2012-09-30 00:00:00,160.22
2012-09-30 01:00:00,107.81
2012-09-30 02:00:00,67.14
2012-09-30 03:00:00,42.79
2012-09-30 04:00:00,11.46
2012-09-30 05:00:00,11.48
2012-09-30 06:00:00,27.0
2012-09-30 07:00:00,65.51
2012-09-30 08:00:00,123.62
2012-09-30 09:00:00,278.61
2012-09-30 10:00:00,408.82
2012-09-30 11:00:00,576.79
2012-09-30 12:00:00,664.91
2012-09-30 13:00:00,662.86
2012-09-30 14:00:00,633.22
2012-09-30 15:00:00,662.68
2012-09-30 16:00:00,670.72
2012-09-30 17:00:00,569.57
2012-09-30 18:00:00,444.41
2012-09-30 19:00:00,275.31
2012-09-30 20:00:00,229.58
2012-09-30 21:00:00,175.54
2012-09-30 22:00:00,131.75
2012-09-30 23:00:00,89.5
2012-10-20 00:00:00,146.6
2012-10-20 01:00:00,99.24
2012-10-20 02:00:00,70.21
2012-10-20 03:00:00,28.38
2012-10-20 04:00:00,11.21
2012-10-20 05:00:00,10.33
2012-10-20 06:00:00,29.76
2012-10-20 07:00:00,78.49
2012-10-20 08:00:00,173.04
2012-10-20 09:00:00,327.5
2012-10-20 10:00:00,396.41
2012-10-20 11:00:00,563.02
2012-10-20 12:00:00,632.87
2012-10-20 13:00:00,653.7
2012-10-20 14:00:00,630.35
2012-10-20 15:00:00,616.0
2012-10-20 16:00:00,623.61
2012-10-20 17:00:00,548.54
2012-10-20 18:00:00,489.55
2012-10-20 19:00:00,348.26
2012-10-20 20:00:00,253.56
2012-10-20 21:00:00,222.39
2012-10-20 22:00:00,180.29
2012-10-20 23:00:00,174.52
2012-10-21 00:00:00,138.43
2012-10-21 01:00:00,106.88
2012-10-21 02:00:00,71.18
2012-10-21 03:00:00,41.56
2012-10-21 04:00:00,11.27
2012-10-21 05:00:00,10.91
2012-10-21 06:00:00,24.41
2012-10-21 07:00:00,63.74
2012-10-21 08:00:00,115.33
2012-10-21 09:00:00,269.29
2012-10-21 10:00:00,387.95
2012-10-21 11:00:00,520.38
2012-10-21 12:00:00,580.66
2012-10-21 13:00:00,616.81
2012-10-21 14:00:00,664.12
2012-10-21 15:00:00,621.5
2012-10-21 16:00:00,646.66
2012-10-21 17:00:00,502.87
2012-10-21 18:00:00,463.56
2012-10-21 19:00:00,328.22
2012-10-21 20:00:00,243.59
2012-10-21 21:00:00,163.02
2012-10-21 22:00:00,120.06
2012-10-21 23:00:00,95.71
2012-10-22 00:00:00,47.67
2012-10-22 01:00:00,14.62
2012-10-22 02:00:00,8.89
2012-10-22 03:00:00,7.55
2012-10-22 04:00:00,7.65
2012-10-22 05:00:00,34.51
2012-10-22 06:00:00,150.49
2012-10-22 07:00:00,376.44
2012-10-22 08:00:00,780.34
2012-10-22 09:00:00,326.73
2012-10-22 10:00:00,198.81
2012-10-22 11:00:00,269.34
2012-10-22 12:00:00,326.91
2012-10-22 13:00:00,315.02
2012-10-22 14:00:00,309.03
2012-10-22 15:00:00,328.72
2012-10-22 16:00:00,480.74
2012-10-22 17:00:00,914.58
2012-10-22 18:00:00,703.22
2012-10-22 19:00:00,498.29
2012-10-22 20:00:00,345.54
2012-10-22 21:00:00,241.39
2012-10-22 22:00:00,150.79
2012-10-22 23:00:00,98.42
2012-10-23 00:00:00,48.23
2012-10-23 01:00:00,14.77
2012-10-23 02:00:00,6.37
2012-10-23 03:00:00,5.64
2012-10-23 04:00:00,7.67
2012-10-23 05:00:00,39.76
2012-10-23 06:00:00,169.35
2012-10-23 07:00:00,462.91
2012-10-23 08:00:00,775.48
2012-10-23 09:00:00,361.53
2012-10-23 10:00:00,200.13
2012-10-23 11:00:00,241.43
2012-10-23 12:00:00,323.86
2012-10-23 13:00:00,307.95
2012-10-23 14:00:00,303.21
2012-10-23 15:00:00,320.89
2012-10-23 16:00:00,474.96
2012-10-23 17:00:00,900.59
2012-10-23 18:00:00,864.06
2012-10-23 19:00:00,565.18
2012-10-23 20:00:00,421.3
2012-10-23 21:00:00,262.15
2012-10-23 22:00:00,184.77
2012-10-23 23:00:00,109.1
2012-10-24 00:00:00,49.15
2012-10-24 01:00:00,19.53
2012-10-24 02:00:00,8.79
2012-10-24 03:00:00,6.67
2012-10-24 04:00:00,7.12
2012-10-24 05:00:00,40.93
2012-10-24 06:00:00,175.71
2012-10-24 07:00:00,459.89
2012-10-24 08:00:00,757.31
2012-10-24 09:00:00,370.01
2012-10-24 10:00:00,199.01
2012-10-24 11:00:00,241.15
2012-10-24 12:00:00,326.32
2012-10-24 13:00:00,305.24
2012-10-24 14:00:00,305.59
2012-10-24 15:00:00,319.79
2012-10-24 16:00:00,485.8
2012-10-24 17:00:00,889.49
2012-10-24 18:00:00,866.2
2012-10-24 19:00:00,549.93
2012-10-24 20:00:00,414.2
2012-10-24 21:00:00,277.38
2012-10-24 22:00:00,253.34
2012-10-24 23:00:00,123.89
2012-10-25 00:00:00,58.56
2012-10-25 01:00:00,23.19
2012-10-25 02:00:00,12.66
2012-10-25 03:00:00,6.62
2012-10-25 04:00:00,7.95
2012-10-25 05:00:00,40.55
2012-10-25 06:00:00,157.69
2012-10-25 07:00:00,449.27
2012-10-25 08:00:00,753.99
2012-10-25 09:00:00,364.17
2012-10-25 10:00:00,170.23
2012-10-25 11:00:00,165.28
2012-10-25 12:00:00,262.48
2012-10-25 13:00:00,254.29
2012-10-25 14:00:00,265.02
2012-10-25 15:00:00,323.32
2012-10-25 16:00:00,441.66
2012-10-25 17:00:00,782.37
2012-10-25 18:00:00,553.94
2012-10-25 19:00:00,353.59
2012-10-25 20:00:00,262.27
2012-10-25 21:00:00,235.75
2012-10-25 22:00:00,209.66
2012-10-25 23:00:00,130.88
2012-10-26 00:00:00,75.07
2012-10-26 01:00:00,24.63
2012-10-26 02:00:00,11.05
2012-10-26 03:00:00,7.05
2012-10-26 04:00:00,7.57
2012-10-26 05:00:00,38.69
2012-10-26 06:00:00,141.65
2012-10-26 07:00:00,402.52
2012-10-26 08:00:00,703.64
2012-10-26 09:00:00,361.85
2012-10-26 10:00:00,223.2
2012-10-26 11:00:00,259.07
2012-10-26 12:00:00,325.53
2012-10-26 13:00:00,334.52
2012-10-26 14:00:00,350.76
2012-10-26 15:00:00,376.78
2012-10-26 16:00:00,444.04
2012-10-26 17:00:00,608.35
2012-10-26 18:00:00,537.26
2012-10-26 19:00:00,267.08
2012-10-26 20:00:00,218.86
2012-10-26 21:00:00,224.06
2012-10-26 22:00:00,199.46
2012-10-26 23:00:00,154.89
2012-10-27 00:00:00,155.65
2012-10-27 01:00:00,95.89
2012-10-27 02:00:00,63.6
2012-10-27 03:00:00,29.88
2012-10-27 04:00:00,13.74
2012-10-27 05:00:00,15.1
2012-10-27 06:00:00,29.49
2012-10-27 07:00:00,75.6
2012-10-27 08:00:00,182.98
2012-10-27 09:00:00,329.18
2012-10-27 10:00:00,412.78
2012-10-27 11:00:00,529.32
2012-10-27 12:00:00,647.64
2012-10-27 13:00:00,665.92
2012-10-27 14:00:00,628.98
2012-10-27 15:00:00,540.03
2012-10-27 16:00:00,574.25
2012-10-27 17:00:00,506.09
2012-10-27 18:00:00,473.34
2012-10-27 19:00:00,330.93
2012-10-27 20:00:00,243.47
2012-10-27 21:00:00,199.93
2012-10-27 22:00:00,205.02
2012-10-27 23:00:00,152.06
2012-10-28 00:00:00,125.41
2012-10-28 01:00:00,107.19
2012-10-28 02:00:00,77.19
2012-10-28 03:00:00,40.64
2012-10-28 04:00:00,14.7
2012-10-28 05:00:00,18.9
2012-10-28 06:00:00,22.82
2012-10-28 07:00:00,45.9
2012-10-28 08:00:00,122.31
2012-10-28 09:00:00,256.35
2012-10-28 10:00:00,348.16
2012-10-28 11:00:00,499.3
2012-10-28 12:00:00,528.87
2012-10-28 13:00:00,525.33
2012-10-28 14:00:00,526.88
2012-10-28 15:00:00,516.14
2012-10-28 16:00:00,445.82
2012-10-28 17:00:00,315.59
2012-10-28 18:00:00,186.53
2012-10-28 19:00:00,151.66
2012-10-28 20:00:00,141.04
2012-10-28 21:00:00,143.08
2012-10-28 22:00:00,115.39
2012-10-28 23:00:00,79.35
2012-10-29 00:00:00,30.94
2012-10-30 13:00:00,138.32
2012-10-30 14:00:00,137.73
2012-10-30 15:00:00,167.26
2012-10-30 16:00:00,305.33
2012-10-30 17:00:00,482.53
2012-10-30 18:00:00,473.06
2012-10-30 19:00:00,501.71
2012-10-30 20:00:00,247.71
2012-10-30 21:00:00,169.05
2012-10-30 22:00:00,133.44
2012-10-30 23:00:00,113.44
2012-10-31 00:00:00,28.64
2012-10-31 01:00:00,16.93
2012-10-31 02:00:00,6.8
2012-10-31 03:00:00,4.94
2012-10-31 04:00:00,6.65
2012-10-31 05:00:00,31.36
2012-10-31 06:00:00,149.13
2012-10-31 07:00:00,364.27
2012-10-31 08:00:00,691.6
2012-10-31 09:00:00,329.87
2012-10-31 10:00:00,161.7
2012-10-31 11:00:00,176.35
2012-10-31 12:00:00,219.42
2012-10-31 13:00:00,235.78
2012-10-31 14:00:00,219.51
2012-10-31 15:00:00,230.65
2012-10-31 16:00:00,353.88
2012-10-31 17:00:00,560.4
2012-10-31 18:00:00,563.41
2012-10-31 19:00:00,378.12
2012-10-31 20:00:00,289.79
2012-10-31 21:00:00,188.44
2012-10-31 22:00:00,137.11
2012-10-31 23:00:00,111.03
2012-11-20 00:00:00,25.49
2012-11-20 01:00:00,15.32
2012-11-20 02:00:00,5.07
2012-11-20 03:00:00,4.77
2012-11-20 04:00:00,8.56
2012-11-20 05:00:00,38.32
2012-11-20 06:00:00,141.63
2012-11-20 07:00:00,367.21
2012-11-20 08:00:00,661.26
2012-11-20 09:00:00,344.05
2012-11-20 10:00:00,166.91
2012-11-20 11:00:00,197.28
2012-11-20 12:00:00,208.98
2012-11-20 13:00:00,216.19
2012-11-20 14:00:00,210.94
2012-11-20 15:00:00,264.3
2012-11-20 16:00:00,353.98
2012-11-20 17:00:00,526.67
2012-11-20 18:00:00,523.74
2012-11-20 19:00:00,375.24
2012-11-20 20:00:00,264.06
2012-11-20 21:00:00,207.98
2012-11-20 22:00:00,153.68
2012-11-20 23:00:00,115.73
2012-11-21 00:00:00,29.21
2012-11-21 01:00:00,20.68
2012-11-21 02:00:00,5.87
2012-11-21 03:00:00,5.83
2012-11-21 04:00:00,6.28
2012-11-21 05:00:00,29.27
2012-11-21 06:00:00,137.23
2012-11-21 07:00:00,361.23
2012-11-21 08:00:00,631.18
2012-11-21 09:00:00,331.08
2012-11-21 10:00:00,172.72
2012-11-21 11:00:00,201.44
2012-11-21 12:00:00,232.12
2012-11-21 13:00:00,235.56
2012-11-21 14:00:00,296.31
2012-11-21 15:00:00,298.6
2012-11-21 16:00:00,358.73
2012-11-21 17:00:00,600.52
2012-11-21 18:00:00,530.4
2012-11-21 19:00:00,373.67
2012-11-21 20:00:00,263.11
2012-11-21 21:00:00,203.95
2012-11-21 22:00:00,143.04
2012-11-21 23:00:00,121.25
2012-11-22 00:00:00,37.07
2012-11-22 01:00:00,37.9
2012-11-22 02:00:00,23.81
2012-11-22 03:00:00,6.62
2012-11-22 04:00:00,6.98
2012-11-22 05:00:00,19.78
2012-11-22 06:00:00,38.86
2012-11-22 07:00:00,192.63
2012-11-22 08:00:00,401.42
2012-11-22 09:00:00,274.3
2012-11-22 10:00:00,300.91
2012-11-22 11:00:00,407.89
2012-11-22 12:00:00,484.73
2012-11-22 13:00:00,504.87
2012-11-22 14:00:00,483.75
2012-11-22 15:00:00,481.71
2012-11-22 16:00:00,430.24
2012-11-22 17:00:00,547.17
2012-11-22 18:00:00,455.69
2012-11-22 19:00:00,338.95
2012-11-22 20:00:00,253.63
2012-11-22 21:00:00,204.58
2012-11-22 22:00:00,157.96
2012-11-22 23:00:00,145.29
2012-11-23 00:00:00,46.11
2012-11-23 01:00:00,26.82
2012-11-23 02:00:00,10.89
2012-11-23 03:00:00,7.12
2012-11-23 04:00:00,8.9575
2012-11-23 05:00:00,30.54
2012-11-23 06:00:00,130.66
2012-11-23 07:00:00,360.28
2012-11-23 08:00:00,596.95
2012-11-23 09:00:00,329.59
2012-11-23 10:00:00,192.73
2012-11-23 11:00:00,233.33
2012-11-23 12:00:00,278.58
2012-11-23 13:00:00,294.94
2012-11-23 14:00:00,363.33
2012-11-23 15:00:00,369.01
2012-11-23 16:00:00,431.08
2012-11-23 17:00:00,737.23
2012-11-23 18:00:00,664.94
2012-11-23 19:00:00,398.66
2012-11-23 20:00:00,302.9
2012-11-23 21:00:00,227.79
2012-11-23 22:00:00,176.67
2012-11-23 23:00:00,133.38
2012-11-24 00:00:00,149.34
2012-11-24 01:00:00,107.13
2012-11-24 02:00:00,60.92
2012-11-24 03:00:00,21.42
2012-11-24 04:00:00,7.57
2012-11-24 05:00:00,7.03
2012-11-24 06:00:00,20.63
2012-11-24 07:00:00,67.33
2012-11-24 08:00:00,143.04
2012-11-24 09:00:00,217.75
2012-11-24 10:00:00,270.96
2012-11-24 11:00:00,404.84
2012-11-24 12:00:00,456.67
2012-11-24 13:00:00,475.74
2012-11-24 14:00:00,471.22
2012-11-24 15:00:00,472.02
2012-11-24 16:00:00,423.84
2012-11-24 17:00:00,358.73
2012-11-24 18:00:00,336.93
2012-11-24 19:00:00,265.46
2012-11-24 20:00:00,193.86
2012-11-24 21:00:00,156.39
2012-11-24 22:00:00,133.88
2012-11-24 23:00:00,102.94
2012-11-25 00:00:00,122.49
2012-11-25 01:00:00,124.5
2012-11-25 02:00:00,61.41
2012-11-25 03:00:00,27.43
2012-11-25 04:00:00,9.13
2012-11-25 05:00:00,8.53
2012-11-25 06:00:00,17.49
2012-11-25 07:00:00,49.71
2012-11-25 08:00:00,132.02
2012-11-25 09:00:00,202.2
2012-11-25 10:00:00,282.66
2012-11-25 11:00:00,406.12
2012-11-25 12:00:00,440.16
2012-11-25 13:00:00,434.21
2012-11-25 14:00:00,440.84
2012-11-25 15:00:00,441.2
2012-11-25 16:00:00,410.9
2012-11-25 17:00:00,328.63
2012-11-25 18:00:00,260.29
2012-11-25 19:00:00,222.9
2012-11-25 20:00:00,151.91
2012-11-25 21:00:00,122.08
2012-11-25 22:00:00,86.56
2012-11-25 23:00:00,71.37
2012-11-26 00:00:00,22.15
2012-11-26 01:00:00,31.05
2012-11-26 02:00:00,7.65
2012-11-26 03:00:00,7.14
2012-11-26 04:00:00,7.66
2012-11-26 05:00:00,36.64
2012-11-26 06:00:00,137.49
2012-11-26 07:00:00,366.88
2012-11-26 08:00:00,675.26
2012-11-26 09:00:00,305.97
2012-11-26 10:00:00,170.1
2012-11-26 11:00:00,212.95
2012-11-26 12:00:00,235.17
2012-11-26 13:00:00,233.87
2012-11-26 14:00:00,226.73
2012-11-26 15:00:00,242.12
2012-11-26 16:00:00,367.37
2012-11-26 17:00:00,591.83
2012-11-26 18:00:00,554.68
2012-11-26 19:00:00,378.05
2012-11-26 20:00:00,260.46
2012-11-26 21:00:00,197.92
2012-11-26 22:00:00,127.57
2012-11-26 23:00:00,90.61
2012-11-27 00:00:00,26.37
2012-11-27 01:00:00,14.53
2012-11-27 02:00:00,5.55
2012-11-27 03:00:00,5.06
2012-11-27 04:00:00,6.4
2012-11-27 05:00:00,31.79
2012-11-27 06:00:00,138.94
2012-11-27 07:00:00,205.62
2012-11-27 08:00:00,293.76
2012-11-27 09:00:00,313.11
2012-11-27 10:00:00,122.39
2012-11-27 11:00:00,121.81
2012-11-27 12:00:00,150.54
2012-11-27 13:00:00,149.7
2012-11-27 14:00:00,143.79
2012-11-27 15:00:00,184.51
2012-11-27 16:00:00,297.95
2012-11-27 17:00:00,490.69
2012-11-27 18:00:00,482.01
2012-11-27 19:00:00,350.91
2012-11-27 20:00:00,238.9
2012-11-27 21:00:00,159.18
2012-11-27 22:00:00,131.45
2012-11-27 23:00:00,92.74
2012-11-28 00:00:00,23.75
2012-11-28 01:00:00,41.63
2012-11-28 02:00:00,12.32
2012-11-28 03:00:00,4.1
2012-11-28 04:00:00,7.01
2012-11-28 05:00:00,32.79
2012-11-28 06:00:00,135.94
2012-11-28 07:00:00,367.15
2012-11-28 08:00:00,667.89
2012-11-28 09:00:00,328.92
2012-11-28 10:00:00,168.08
2012-11-28 11:00:00,191.12
2012-11-28 12:00:00,213.92
2012-11-28 13:00:00,238.03
2012-11-28 14:00:00,227.53
2012-11-28 15:00:00,242.93
2012-11-28 16:00:00,352.48
2012-11-28 17:00:00,582.52
2012-11-28 18:00:00,543.05
2012-11-28 19:00:00,376.05
2012-11-28 20:00:00,249.09
2012-11-28 21:00:00,181.13
2012-11-28 22:00:00,128.09
2012-11-28 23:00:00,86.31
2012-11-29 00:00:00,24.9
2012-11-29 01:00:00,28.77
2012-11-29 02:00:00,6.12
2012-11-29 04:00:00,7.12
2012-11-29 05:00:00,32.95
2012-11-29 06:00:00,136.3
2012-11-29 07:00:00,371.17
2012-11-29 08:00:00,632.33
2012-11-29 09:00:00,318.43
2012-11-29 10:00:00,165.26
2012-11-29 11:00:00,200.98
2012-11-29 12:00:00,245.34
2012-11-29 13:00:00,246.98
2012-11-29 14:00:00,233.94
2012-11-29 15:00:00,256.02
2012-11-29 16:00:00,366.65
2012-11-29 17:00:00,600.48
2012-11-29 18:00:00,545.12
2012-11-29 19:00:00,379.46
2012-11-29 20:00:00,262.85
2012-11-29 21:00:00,174.67
2012-11-29 22:00:00,147.11
2012-11-29 23:00:00,136.86
2012-11-30 00:00:00,43.55
2012-11-30 01:00:00,26.2
2012-11-30 02:00:00,10.6
2012-11-30 03:00:00,8.34
2012-11-30 04:00:00,9.0875
2012-11-30 05:00:00,30.7
2012-11-30 06:00:00,128.12
2012-11-30 07:00:00,356.09
2012-11-30 08:00:00,569.19
2012-11-30 09:00:00,323.68
2012-11-30 10:00:00,204.15
2012-11-30 11:00:00,205.21
2012-11-30 12:00:00,254.22
2012-11-30 13:00:00,262.9
2012-11-30 14:00:00,254.49
2012-11-30 15:00:00,274.86
2012-11-30 16:00:00,390.18
2012-11-30 17:00:00,581.73
2012-11-30 18:00:00,503.73
2012-11-30 19:00:00,357.34
2012-11-30 20:00:00,245.16
2012-11-30 21:00:00,188.33
2012-11-30 22:00:00,151.24
2012-11-30 23:00:00,138.46
2012-12-20 00:00:00,34.71
2012-12-20 01:00:00,20.36
2012-12-20 02:00:00,6.66
2012-12-20 03:00:00,4.48
2012-12-20 04:00:00,6.82
2012-12-20 05:00:00,33.42
2012-12-20 06:00:00,134.51
2012-12-20 07:00:00,380.48
2012-12-20 08:00:00,680.98
2012-12-20 09:00:00,308.72
2012-12-20 10:00:00,168.21
2012-12-20 11:00:00,178.33
2012-12-20 12:00:00,224.75
2012-12-20 13:00:00,221.01
2012-12-20 14:00:00,222.15
2012-12-20 15:00:00,225.33
2012-12-20 16:00:00,318.86
2012-12-20 17:00:00,550.33
2012-12-20 18:00:00,524.0
2012-12-20 19:00:00,323.96
2012-12-20 20:00:00,236.06
2012-12-20 21:00:00,168.68
2012-12-20 22:00:00,110.21
2012-12-20 23:00:00,109.84
2012-12-21 00:00:00,54.0
2012-12-21 01:00:00,24.72
2012-12-21 02:00:00,11.37
2012-12-21 03:00:00,6.92
2012-12-21 04:00:00,8.41
2012-12-21 05:00:00,30.4
2012-12-21 06:00:00,124.54
2012-12-21 07:00:00,329.14
2012-12-21 08:00:00,598.52
2012-12-21 09:00:00,299.73
2012-12-21 10:00:00,182.43
2012-12-21 11:00:00,188.13
2012-12-21 12:00:00,224.53
2012-12-21 13:00:00,222.27
2012-12-21 14:00:00,217.32
2012-12-21 15:00:00,224.81
2012-12-21 16:00:00,293.86
2012-12-21 17:00:00,459.3
2012-12-21 18:00:00,434.48
2012-12-21 19:00:00,304.9
2012-12-21 20:00:00,204.09
2012-12-21 21:00:00,153.1
2012-12-21 22:00:00,121.2
2012-12-21 23:00:00,91.72
2012-12-22 00:00:00,113.2
2012-12-22 01:00:00,111.84
2012-12-22 02:00:00,58.65
2012-12-22 03:00:00,21.95
2012-12-22 04:00:00,7.63
2012-12-22 05:00:00,6.29
2012-12-22 06:00:00,18.4
2012-12-22 07:00:00,61.8
2012-12-22 08:00:00,126.77
2012-12-22 09:00:00,185.67
2012-12-22 10:00:00,241.94
2012-12-22 11:00:00,329.69
2012-12-22 12:00:00,358.83
2012-12-22 13:00:00,396.8
2012-12-22 14:00:00,394.08
2012-12-22 15:00:00,372.4
2012-12-22 16:00:00,350.79
2012-12-22 17:00:00,299.71
2012-12-22 18:00:00,270.28
2012-12-22 19:00:00,207.55
2012-12-22 20:00:00,145.55
2012-12-22 21:00:00,114.5
2012-12-22 22:00:00,104.74
2012-12-22 23:00:00,85.7
2012-12-23 00:00:00,117.5
2012-12-23 01:00:00,116.5
2012-12-23 02:00:00,62.85
2012-12-23 03:00:00,35.73
2012-12-23 04:00:00,11.54
2012-12-23 05:00:00,7.68
2012-12-23 06:00:00,13.13
2012-12-23 07:00:00,60.83
2012-12-23 08:00:00,115.32
2012-12-23 09:00:00,179.24
2012-12-23 10:00:00,235.6
2012-12-23 11:00:00,323.86
2012-12-23 12:00:00,365.12
2012-12-23 13:00:00,391.11
2012-12-23 14:00:00,404.03
2012-12-23 15:00:00,404.0
2012-12-23 16:00:00,384.47
2012-12-23 17:00:00,286.25
2012-12-23 18:00:00,229.12
2012-12-23 19:00:00,195.88
2012-12-23 20:00:00,132.96
2012-12-23 21:00:00,98.35
2012-12-23 22:00:00,73.49
2012-12-23 23:00:00,70.61
2012-12-24 00:00:00,24.63
2012-12-24 01:00:00,19.36
2012-12-24 02:00:00,7.62
2012-12-24 03:00:00,6.94
2012-12-24 05:00:00,32.94
2012-12-24 06:00:00,120.3
2012-12-24 07:00:00,329.84
2012-12-24 08:00:00,576.56
2012-12-24 09:00:00,262.15
2012-12-24 10:00:00,150.29
2012-12-24 11:00:00,146.91
2012-12-24 12:00:00,166.0
2012-12-24 13:00:00,148.68
2012-12-24 14:00:00,152.81
2012-12-24 15:00:00,140.19
2012-12-24 16:00:00,218.09
2012-12-24 17:00:00,363.24
2012-12-24 18:00:00,365.23
2012-12-24 19:00:00,291.14
2012-12-24 20:00:00,184.59
2012-12-24 21:00:00,121.79
2012-12-24 22:00:00,119.02
2012-12-24 23:00:00,89.37
2012-12-25 00:00:00,30.38
2012-12-25 01:00:00,42.47
2012-12-25 02:00:00,21.13
2012-12-25 04:00:00,7.84
2012-12-25 05:00:00,14.53
2012-12-25 06:00:00,33.39
2012-12-25 07:00:00,162.17
2012-12-25 08:00:00,375.64
2012-12-25 09:00:00,204.2
2012-12-25 10:00:00,255.33
2012-12-25 11:00:00,312.66
2012-12-25 12:00:00,324.59
2012-12-25 13:00:00,348.13
2012-12-25 14:00:00,341.28
2012-12-25 15:00:00,332.63
2012-12-25 16:00:00,320.22
2012-12-25 17:00:00,403.76
2012-12-25 18:00:00,369.46
2012-12-25 19:00:00,293.56
2012-12-25 20:00:00,199.35
2012-12-25 21:00:00,143.36
2012-12-25 22:00:00,119.88
2012-12-25 23:00:00,74.34
2012-12-26 00:00:00,25.2
2012-12-26 01:00:00,36.74
2012-12-26 02:00:00,27.16
2012-12-26 03:00:00,5.54
2012-12-26 04:00:00,7.61
2012-12-26 05:00:00,33.12
2012-12-26 06:00:00,124.67
2012-12-26 07:00:00,230.01
2012-12-26 08:00:00,284.83
2012-12-26 09:00:00,185.92
2012-12-26 10:00:00,122.79
2012-12-26 11:00:00,134.34
2012-12-26 12:00:00,141.25
2012-12-26 13:00:00,140.65
2012-12-26 14:00:00,145.77
2012-12-26 15:00:00,146.37
2012-12-26 16:00:00,204.39
2012-12-26 17:00:00,355.09
2012-12-26 18:00:00,359.32
2012-12-26 19:00:00,246.88
2012-12-26 20:00:00,160.28
2012-12-26 21:00:00,138.64
2012-12-26 22:00:00,95.95
2012-12-26 23:00:00,76.71
2012-12-27 00:00:00,24.94
2012-12-27 01:00:00,19.91
2012-12-27 02:00:00,21.13625
2012-12-27 03:00:00,4.61625
2012-12-27 04:00:00,7.16625
2012-12-27 05:00:00,31.85
2012-12-27 06:00:00,120.07
2012-12-27 07:00:00,341.29
2012-12-27 08:00:00,602.84
2012-12-27 09:00:00,305.53
2012-12-27 10:00:00,157.25
2012-12-27 11:00:00,158.04
2012-12-27 12:00:00,188.73
2012-12-27 13:00:00,186.68
2012-12-27 14:00:00,162.61
2012-12-27 15:00:00,166.91
2012-12-27 16:00:00,271.37
2012-12-27 17:00:00,466.51
2012-12-27 18:00:00,445.51
2012-12-27 19:00:00,305.92
2012-12-27 20:00:00,210.77
2012-12-27 21:00:00,139.3
2012-12-27 22:00:00,115.94
2012-12-27 23:00:00,90.81
2012-12-28 00:00:00,41.62
2012-12-28 01:00:00,22.96
2012-12-28 02:00:00,10.39
2012-12-28 03:00:00,6.53
2012-12-28 04:00:00,8.19
2012-12-28 05:00:00,32.08
2012-12-28 06:00:00,122.46
2012-12-28 07:00:00,324.45
2012-12-28 08:00:00,581.3
2012-12-28 09:00:00,289.98
2012-12-28 10:00:00,165.43
2012-12-28 11:00:00,175.84
2012-12-28 12:00:00,215.97
2012-12-28 13:00:00,217.16
2012-12-28 14:00:00,214.74
2012-12-28 15:00:00,238.41
2012-12-28 16:00:00,304.1
2012-12-28 17:00:00,463.43
2012-12-28 18:00:00,412.12
2012-12-28 19:00:00,301.38
2012-12-28 20:00:00,202.73
2012-12-28 21:00:00,141.23
2012-12-28 22:00:00,116.67
2012-12-28 23:00:00,99.59
2012-12-29 00:00:00,104.94
2012-12-29 01:00:00,111.96
2012-12-29 02:00:00,56.92
2012-12-29 03:00:00,24.3
2012-12-29 04:00:00,6.84
2012-12-29 05:00:00,5.68
2012-12-29 06:00:00,14.57
2012-12-29 07:00:00,54.47
2012-12-29 08:00:00,128.96
2012-12-29 09:00:00,185.63
2012-12-29 10:00:00,194.61
2012-12-29 11:00:00,255.31
2012-12-29 12:00:00,266.92
2012-12-29 13:00:00,271.57
2012-12-29 14:00:00,359.58
2012-12-29 15:00:00,347.26
2012-12-29 16:00:00,329.8
2012-12-29 17:00:00,274.33
2012-12-29 18:00:00,259.89
2012-12-29 19:00:00,207.91
2012-12-29 20:00:00,164.42
2012-12-29 21:00:00,121.88
2012-12-29 22:00:00,111.52
2012-12-29 23:00:00,104.72
2012-12-30 00:00:00,116.4
2012-12-30 01:00:00,115.06
2012-12-30 02:00:00,61.9
2012-12-30 03:00:00,33.0
2012-12-30 04:00:00,8.81
2012-12-30 05:00:00,6.92
2012-12-30 06:00:00,12.02
2012-12-30 07:00:00,47.28
2012-12-30 08:00:00,107.14
2012-12-30 09:00:00,165.62
2012-12-30 10:00:00,237.25
2012-12-30 11:00:00,318.62
2012-12-30 12:00:00,349.3
2012-12-30 13:00:00,355.15
2012-12-30 14:00:00,360.67
2012-12-30 15:00:00,349.7
2012-12-30 16:00:00,340.15
2012-12-30 17:00:00,285.29
2012-12-30 18:00:00,225.04
2012-12-30 19:00:00,208.64
2012-12-30 20:00:00,129.45
2012-12-30 21:00:00,85.03
2012-12-30 22:00:00,71.27
2012-12-30 23:00:00,58.72
2012-12-31 00:00:00,24.3
2012-12-31 01:00:00,17.87
2012-12-31 02:00:00,9.31
2012-12-31 03:00:00,7.59
2012-12-31 04:00:00,7.81
2012-12-31 05:00:00,35.35
2012-12-31 06:00:00,125.7
2012-12-31 07:00:00,325.93
2012-12-31 08:00:00,557.43
2012-12-31 09:00:00,257.51
2012-12-31 10:00:00,143.02
2012-12-31 11:00:00,145.12
2012-12-31 12:00:00,152.92
2012-12-31 13:00:00,177.68
2012-12-31 14:00:00,178.33
2012-12-31 15:00:00,185.99
2012-12-31 16:00:00,269.72
2012-12-31 17:00:00,466.05
2012-12-31 18:00:00,435.47
2012-12-31 19:00:00,312.05
2012-12-31 20:00:00,206.09
2012-12-31 21:00:00,144.37
2012-12-31 22:00:00,110.41
2012-12-31 23:00:00,64.91
